date,open,high,low,ltp,percent_change,qty,turnover
2026-02-12,398.0,409.7,398.0,408.0,2.33,69045,27978341.4
2026-02-11,403.0,407.0,396.1,398.7,0.91,24806,9921280.2
2026-02-10,400.0,405.0,395.1,395.1,-2.44,24032,9616269.5
2026-02-09,405.8,405.8,392.8,405.0,-0.2,97507,38963925.8
2026-02-08,403.0,410.0,403.0,405.8,0.69,16839,6832838.9
2026-02-05,404.0,405.0,400.0,403.0,0.62,39410,15841006.5
2026-02-04,405.0,409.9,400.1,400.5,-0.62,18789,7538770.1
2026-02-03,405.0,407.0,400.0,403.0,-0.62,35045,14121559.2
2026-02-02,405.0,411.0,403.5,405.5,0.37,29089,11838530.9
2026-02-01,405.1,413.0,404.0,404.0,-1.46,23169,9408419.4
2026-01-29,410.0,417.0,407.0,410.0,-0.68,14992,6142670.2
2026-01-28,405.1,414.0,405.1,412.8,0.44,21402,8780264.6
2026-01-27,420.0,420.0,409.0,411.0,-1.67,58534,24205719.5
2026-01-26,430.2,430.2,416.0,418.0,-0.9,49096,20538372.1
2026-01-25,417.8,422.0,412.0,421.8,2.38,76910,32160031.6
2026-01-22,413.0,415.0,410.0,412.0,-0.24,16996,6987304.8
2026-01-21,419.0,419.0,412.0,413.0,0.0,35235,14559948.9
2026-01-20,415.0,420.0,408.2,413.0,0.81,48264,19997981.6
2026-01-18,403.4,410.0,403.4,409.7,1.56,34252,13979673.3
2026-01-14,402.0,406.0,401.1,403.4,0.07,21546,8712140.8
2026-01-13,401.0,408.0,401.0,403.1,-0.44,19315,7816260.0
2026-01-12,401.0,408.0,401.0,404.9,0.42,20810,8398020.9
2026-01-08,402.6,407.9,400.0,403.2,0.15,49873,20055469.9
2026-01-07,407.0,407.5,402.6,402.6,-1.56,22594,9174057.8
2026-01-06,407.0,412.0,402.4,409.0,0.84,48765,19815074.5
2026-01-05,402.0,405.9,397.0,405.6,1.45,31015,12509448.7
2026-01-04,398.0,400.0,396.0,399.8,0.28,12252,4869497.4
2026-01-01,399.1,400.0,394.0,398.7,-0.33,21944,8708229.4
2025-12-31,400.0,404.0,396.0,400.0,0.25,15909,6362846.6
2025-12-29,404.8,406.0,398.1,399.0,-0.18,17991,7208726.1
2025-12-28,396.0,399.9,392.0,399.7,2.23,30339,12040162.7
2025-12-24,393.0,395.0,390.7,391.0,-0.99,19517,7660409.8
2025-12-23,393.3,395.0,393.3,394.9,0.74,19307,7612215.8
2025-12-22,393.0,395.0,390.2,392.0,-0.76,10938,4296594.4
2025-12-21,391.1,397.0,391.1,395.0,-0.5,13557,5344475.5
2025-12-18,395.0,399.3,395.0,397.0,-0.18,9659,3826964.1
2025-12-17,398.0,400.0,396.0,397.7,-0.05,7081,2818169.3
2025-12-16,398.0,399.9,397.0,397.9,0.48,12097,4816258.1
2025-12-15,394.0,396.9,390.1,396.0,0.33,16449,6478840.1
2025-12-14,393.0,396.9,390.2,394.7,0.23,25965,10198285.8
2025-12-11,395.0,399.0,393.0,393.8,-0.3,19684,7802258.2
2025-12-10,399.1,401.0,392.1,395.0,-0.25,19081,7576418.4
2025-12-09,399.0,399.9,394.2,396.0,0.0,8652,3426795.7
2025-12-08,395.2,399.9,394.0,396.0,-0.15,18265,7228384.4
2025-12-07,395.1,402.0,395.0,396.6,-0.55,21235,8454036.9
2025-12-03,398.0,400.5,395.0,398.8,1.09,21697,8625170.3
2025-12-02,398.0,398.1,394.0,394.5,-0.85,20658,8183447.1
2025-12-01,400.0,400.0,395.0,397.9,-0.53,28665,11402793.8
2025-11-30,409.0,413.0,397.0,400.0,-2.83,50004,20117602.9
2025-11-27,416.3,424.0,416.3,424.0,1.92,66716,27986163.9
2025-11-26,417.0,418.1,414.2,416.0,0.0,41131,17145895.8
2025-11-25,412.1,419.5,412.1,416.0,-0.24,15593,6482209.8
2025-11-24,421.7,421.7,414.0,417.0,0.85,32121,13412698.8
2025-11-23,410.0,415.0,402.8,413.5,2.86,52758,21728071.3
2025-11-20,401.0,404.8,400.3,402.0,-0.5,13613,5483189.0
2025-11-19,404.1,408.1,402.5,404.0,-0.49,9189,3713723.6
2025-11-18,406.0,409.5,402.3,406.0,0.25,13249,5381713.3
2025-11-17,404.0,405.0,399.4,405.0,1.5,9678,3897502.1
2025-11-16,401.0,404.9,399.0,399.0,-0.5,11826,4729027.3
2025-11-13,404.8,404.9,400.0,401.0,-0.5,6718,2703297.9
2025-11-12,409.9,409.9,399.2,403.0,-0.47,13352,5356866.9
2025-11-11,405.4,406.1,397.9,404.9,-0.27,45769,18328781.0
2025-11-10,406.0,412.0,405.0,406.0,-0.49,22370,9111483.3
2025-11-09,415.0,418.0,407.0,408.0,-0.95,26268,10761823.0
2025-11-06,410.5,415.0,408.0,411.9,-0.02,5473,2242721.0
2025-11-05,415.0,415.0,409.0,412.0,0.12,10613,4367434.4
2025-11-04,420.0,420.0,411.0,411.5,-1.48,13426,5554282.8
2025-11-03,419.0,427.0,415.0,417.7,0.41,29828,12505238.4
2025-11-02,414.0,418.2,411.0,416.0,1.46,33481,13904963.9
2025-10-30,400.0,410.0,400.0,410.0,1.99,15974,6494913.8
2025-10-29,411.0,413.9,401.8,402.0,-0.99,22725,9263916.6
2025-10-28,386.0,408.0,386.0,406.0,4.08,19429,7808038.5
2025-10-26,385.0,391.0,384.0,390.1,-0.23,14143,5473247.2
2025-10-19,393.0,397.0,390.5,391.0,-0.53,21400,8427756.5
2025-10-16,404.0,404.0,392.0,393.1,-1.48,27595,10900327.0
2025-10-15,405.0,405.0,398.4,399.0,-1.85,24690,9885501.2
2025-10-14,410.0,410.0,406.0,406.5,-0.83,9641,3928869.3
2025-10-13,400.0,410.0,400.0,409.9,1.97,12579,5112345.8
2025-10-12,410.0,410.1,400.0,402.0,-2.55,48857,19726455.5
2025-10-09,416.0,427.7,411.0,412.5,1.1,26000,10867692.4
2025-10-08,410.0,416.0,402.7,408.0,-1.88,32411,13170453.5
2025-10-07,420.0,421.0,412.0,415.8,-1.47,15535,6436583.5
2025-09-28,422.0,422.0,418.0,422.0,0.98,10764,4527621.0
2025-09-25,419.0,420.0,415.0,417.9,-0.48,11832,4933424.6
2025-09-24,427.0,427.0,412.0,419.9,-0.97,9776,4105164.3
2025-09-23,410.1,426.3,410.1,424.0,2.0,45134,19071719.5
2025-09-21,390.0,418.0,390.0,415.7,6.59,63790,25951192.4
2025-09-18,410.1,410.1,382.0,390.0,-5.98,5171,2002487.7
2025-09-08,417.1,422.0,412.0,414.79,-1.03,28729,11916276.8
2025-09-07,417.4,423.5,417.4,419.1,-0.3,10834,4553744.7
2025-09-04,419.0,422.7,416.4,420.38,0.19,24128,10085167.8
2025-09-03,416.4,427.0,416.4,419.58,-0.59,22812,9606402.2
2025-09-02,425.0,428.9,421.7,422.08,-0.28,32146,13621083.7
2025-09-01,428.8,428.8,421.0,423.28,0.44,18413,7792094.5
2025-08-31,426.3,434.4,421.1,421.43,-2.2,23450,9939238.9
2025-08-28,443.0,443.0,430.0,430.93,-2.4,61803,26991195.7
2025-08-27,425.2,443.9,425.2,441.54,3.29,81637,35646214.5
2025-08-26,424.0,427.9,424.0,427.46,0.76,9020,3845215.3
2025-08-25,427.0,427.0,416.2,424.24,1.01,12061,5081469.1
2025-08-24,426.0,430.0,419.0,419.99,-1.35,24997,10543506.4
2025-08-21,431.05,431.05,425.2,425.75,-1.23,21451,9161984.2
2025-08-20,434.1,434.1,428.2,431.05,-0.35,41992,18090489.5
2025-08-19,426.0,439.0,426.0,432.55,0.26,19376,8420909.6
2025-08-18,429.1,435.5,428.2,431.44,0.13,50475,21792512.3
2025-08-17,430.0,438.0,430.0,430.88,0.06,63115,27243580.3
2025-08-14,427.4,434.0,427.4,430.63,0.62,33047,14224847.4
2025-08-13,434.0,437.0,427.0,427.98,-0.11,47260,20379200.7
2025-08-12,431.0,434.8,427.1,428.46,-0.6,23561,10113510.1
2025-08-11,440.0,442.9,430.0,431.05,-1.31,42289,18341102.3
2025-08-07,444.0,444.0,434.0,436.75,0.08,39656,17330215.6
2025-08-06,440.0,444.0,436.0,436.39,-0.9,42717,18772657.6
2025-08-05,455.0,455.0,440.0,440.34,-1.31,66522,29471857.8
2025-08-04,447.0,447.7,440.0,446.19,1.39,92244,40823544.6
2025-08-03,460.0,460.0,438.2,440.08,-3.39,147690,65557122.3
2025-07-31,465.0,466.0,453.0,455.52,-1.62,127604,58588936.8
2025-07-30,482.0,485.0,461.0,463.0,-4.23,131717,61901105.9
2025-07-29,489.0,499.0,482.2,483.46,-1.33,163983,79842828.9
2025-07-28,475.0,493.0,468.0,490.0,3.39,425513,205103865.6
2025-07-27,466.77,478.3,461.0,473.92,1.53,299849,141122171.1
2025-07-24,455.6,470.0,455.6,466.77,0.79,178635,82851457.2
2025-07-23,470.0,470.0,458.0,463.1,-0.73,158258,73345849.6
2025-07-22,445.0,476.0,445.0,466.49,3.3,381669,178500838.2
2025-07-21,441.9,459.0,439.0,451.6,2.44,318195,143811204.6
2025-07-20,440.0,448.0,437.1,440.86,0.23,218508,96915257.2
2025-07-17,436.0,445.0,433.0,439.84,1.82,116335,51078901.3
2025-07-16,422.0,434.8,418.0,431.97,3.34,126073,54080820.0
2025-07-15,418.0,420.0,415.0,418.01,0.57,55367,23123978.2
2025-07-14,425.0,425.0,415.0,415.65,-1.1,34747,14475442.3
2025-07-13,421.6,430.0,413.0,420.29,1.68,105482,44315825.9
2025-07-10,407.8,415.5,401.0,413.35,1.92,83281,34244318.3
2025-07-09,405.0,406.9,403.0,405.58,0.62,24468,9912795.8
2025-07-08,406.4,406.4,401.0,403.1,0.1,28782,11584143.6
2025-07-07,400.0,406.7,400.0,402.71,-0.56,37152,15028461.0
2025-07-06,410.0,412.0,404.0,404.99,-1.13,42335,17246299.7
2025-07-03,405.0,413.9,405.0,409.63,1.09,59087,24281562.7
2025-07-02,409.0,409.0,401.0,405.22,0.89,35008,14147051.5
2025-07-01,400.0,402.0,398.0,401.65,0.54,29338,11733301.4
2025-06-30,399.1,400.5,396.5,399.51,0.04,20675,8250481.7
2025-06-29,392.1,399.7,392.1,399.37,0.69,23462,9265048.9
2025-06-26,401.9,401.9,395.0,396.62,-0.08,26857,10661511.2
2025-06-25,395.3,400.0,395.1,396.92,0.05,31994,12688477.2
2025-06-24,404.0,404.0,396.0,396.71,-0.81,37574,14986345.8
2025-06-23,404.8,405.0,397.1,399.94,-0.34,60557,24215231.4
2025-06-22,405.7,413.8,401.0,401.29,-0.1,41536,16787836.6
2025-06-19,401.1,403.0,401.0,401.71,0.1,31286,12559757.3
2025-06-18,404.0,404.0,400.0,401.29,-0.07,18649,7484136.4
2025-06-17,406.0,407.0,400.0,401.58,-0.92,47065,18899488.0
2025-06-16,403.1,407.5,403.1,405.29,0.08,34047,13806604.4
2025-06-15,402.5,407.0,402.5,404.97,0.13,27419,11095924.9
2025-06-12,400.4,406.9,400.4,404.43,0.62,34959,14122088.1
2025-06-11,412.0,412.0,400.0,401.92,-2.01,116148,46983413.9
2025-06-10,415.2,415.2,407.5,410.16,0.76,37247,15253106.7
2025-06-09,404.0,410.0,403.1,407.08,0.02,20377,8298531.8
2025-06-08,403.0,408.8,403.0,406.98,1.03,32646,13267693.1
2025-06-05,404.1,411.0,401.2,402.84,-0.95,42573,17206930.1
2025-06-04,405.0,408.0,403.0,406.71,0.87,42201,17094906.6
2025-06-03,412.0,415.0,402.0,403.21,-2.35,51289,20881198.9
2025-06-02,418.0,421.0,408.0,412.92,-0.21,59933,24873295.9
2025-05-28,415.0,415.0,410.0,413.78,0.15,61175,25222978.8
2025-05-27,407.2,416.1,406.7,413.15,0.59,56637,23389811.8
2025-05-26,417.8,426.0,409.0,410.72,0.25,34881,14415490.5
2025-05-25,420.0,420.0,405.1,409.68,-0.67,30876,12692892.6
2025-05-22,413.1,418.0,412.3,412.46,-0.38,36064,14978383.2
2025-05-21,421.6,430.0,413.1,414.02,0.16,72355,30348992.1
2025-05-20,401.0,416.0,401.0,413.36,2.42,40005,16424914.0
2025-05-19,407.0,408.0,402.0,403.58,0.15,33122,13388331.3
2025-05-18,410.0,410.0,402.0,402.96,-0.89,43383,17531051.1
2025-05-15,411.2,415.9,405.3,406.59,-1.93,56191,23035080.8
2025-05-14,410.0,424.9,410.0,414.58,0.35,94801,39513121.6
2025-05-13,414.0,419.0,408.0,413.13,0.8,62873,26028341.7
2025-05-11,407.0,413.3,405.0,409.85,1.16,44573,18247325.1
2025-05-08,406.5,409.0,403.0,405.16,-0.27,33686,13663283.5
2025-05-07,392.2,413.4,392.1,406.24,2.62,34573,13964643.0
2025-05-06,394.4,399.0,391.2,395.85,0.36,32227,12733652.6
2025-05-05,399.9,399.9,393.6,394.44,-0.14,26512,10482856.9
2025-05-04,400.0,400.0,390.0,395.01,-0.28,43748,17266121.7
2025-04-30,402.0,402.0,394.0,396.13,-0.98,52650,20911019.3
2025-04-29,405.9,406.0,399.5,400.07,-0.84,67176,26936985.6
2025-04-28,404.5,407.9,403.0,403.47,-0.26,35040,14151520.1
2025-04-27,410.0,410.0,404.2,404.51,-0.32,28895,11723525.5
2025-04-24,404.0,410.0,404.0,405.8,0.2,26133,10605914.8
2025-04-23,415.9,415.9,404.0,404.99,-1.58,34022,13821042.9
2025-04-22,420.0,420.0,408.0,411.49,-1.02,41163,16966009.3
2025-04-21,422.0,422.0,413.1,415.74,-0.21,31514,13170555.5
2025-04-20,422.0,422.0,410.3,416.6,-0.28,35852,14996370.8
2025-04-17,413.0,421.5,412.2,417.79,1.18,38730,16214066.9
2025-04-16,416.0,418.9,411.0,412.92,0.32,41360,17157159.5
2025-04-15,411.0,415.0,406.0,411.62,1.23,34102,14050397.0
2025-04-13,412.0,415.0,405.0,406.61,-1.13,35412,14429130.2
2025-04-10,415.0,415.0,409.1,411.27,0.25,21795,8960018.1
2025-04-09,415.0,415.0,408.3,410.25,0.37,22267,9156878.9
2025-04-08,412.8,412.8,405.9,408.73,-0.37,29914,12181137.7
2025-04-07,416.0,417.0,409.0,410.26,-1.11,30204,12414709.5
2025-04-03,419.0,420.5,412.0,414.87,0.1,30054,12532067.3
2025-04-02,418.0,418.0,411.0,414.44,0.29,27288,11285668.2
2025-04-01,419.0,419.0,411.0,413.26,-1.05,22074,9107650.2
2025-03-30,413.0,421.0,413.0,417.63,1.02,37890,15860334.6
2025-03-27,409.5,415.0,404.0,413.4,0.95,24144,9925308.0
2025-03-26,402.1,412.0,402.1,409.49,0.74,26280,10736701.0
2025-03-25,414.6,415.9,406.0,406.47,-2.54,36477,14876139.2
2025-03-24,408.0,422.8,402.0,417.08,2.03,36712,15126721.0
2025-03-23,412.3,420.0,406.0,408.79,-2.09,50195,20626767.9
2025-03-20,421.1,424.9,416.5,417.53,-0.82,35556,14947894.2
2025-03-19,426.0,429.9,420.0,421.0,-1.41,43759,18550141.7
2025-03-18,430.0,432.0,425.0,427.0,0.45,29201,12451476.6
2025-03-17,425.0,432.5,422.1,425.1,-1.25,43232,18464547.6
2025-03-16,442.6,442.6,425.0,430.5,-0.81,51435,22057004.8
2025-03-12,443.0,445.0,433.7,434.0,-0.82,31246,13720338.2
2025-03-11,435.0,449.0,426.1,437.6,2.0,182384,80335278.9
2025-03-10,437.9,439.6,428.0,429.0,-1.04,34192,14779198.8
2025-03-09,440.5,444.0,433.0,433.5,-2.36,34125,14934436.5
2025-03-06,433.0,450.0,432.0,444.0,2.54,63300,27894409.3
2025-03-05,438.0,440.0,429.5,433.0,-1.12,51166,22217029.9
2025-03-04,440.0,446.0,437.9,437.9,-0.7,45674,20172379.3
2025-03-03,455.0,456.0,437.1,441.0,-2.0,66009,29370593.9
2025-03-02,442.0,451.1,436.0,450.0,3.21,82510,36790678.0
2025-02-27,431.0,437.0,429.0,436.0,2.4,51761,22421596.3
2025-02-25,414.6,430.0,414.6,425.8,0.66,27323,11642061.0
2025-02-24,413.6,434.5,413.6,423.0,0.24,48979,20905356.5
2025-02-23,435.5,435.5,416.5,422.0,-1.17,56229,23876998.5
2025-02-20,436.5,436.5,425.0,427.0,-0.7,53720,22937119.1
2025-02-18,434.0,439.9,426.0,430.0,-1.56,71651,30937540.7
2025-02-17,444.7,444.7,434.1,436.8,0.18,49471,21603500.1
2025-02-16,430.1,438.0,430.1,436.0,-0.23,39370,17047833.9
2025-02-13,447.0,448.0,433.2,437.0,-1.6,40361,17675049.1
2025-02-12,442.0,449.9,440.0,444.1,1.16,40428,18001484.6
2025-02-11,430.0,443.0,430.0,439.0,0.46,42640,18661903.7
2025-02-10,445.0,445.5,430.0,437.0,-0.88,31520,13762945.9
2025-02-09,437.0,452.0,437.0,440.9,0.2,50708,22522947.2
2025-02-06,459.2,459.2,435.0,440.0,-2.33,87782,38985457.2
2025-02-05,449.0,454.0,445.0,450.5,0.31,54946,24650289.9
2025-02-04,455.0,459.2,449.0,449.1,-2.37,62406,28201139.6
2025-02-03,469.0,476.0,449.0,460.0,-0.65,184297,85150871.7
2025-02-02,436.0,467.0,429.0,463.0,6.68,178920,81101782.8
2025-01-28,403.0,435.0,403.0,434.0,6.9,151109,64093897.7
2025-01-27,405.0,408.0,402.0,406.0,0.97,41184,16708398.1
2025-01-26,407.0,411.0,402.0,402.1,-1.93,41203,16687956.0
2025-01-23,418.0,418.0,407.0,410.0,0.0,23635,9697306.4
2025-01-22,410.0,414.0,406.0,410.0,1.49,60674,24911713.9
2025-01-21,406.0,407.0,402.0,404.0,-0.74,55649,22531317.8
2025-01-20,408.0,411.0,405.5,407.0,-0.25,17424,7112337.8
2025-01-19,408.0,411.0,405.6,408.0,-0.95,34582,14079045.3
2025-01-16,417.5,417.5,406.1,411.9,0.46,26765,10951455.3
2025-01-15,414.0,414.9,408.3,410.0,0.74,25603,10522113.7
2025-01-13,410.1,413.9,407.0,407.0,-1.02,31084,12741198.1
2025-01-12,419.0,419.0,410.1,411.2,-2.1,25191,10409136.1
2025-01-09,430.0,430.0,418.0,420.0,-1.41,25462,10705963.4
2025-01-08,429.0,429.0,420.0,426.0,0.47,55012,23368954.6
2025-01-07,418.0,427.0,418.0,424.0,1.39,45932,19383220.0
2025-01-06,410.0,420.0,410.0,418.2,2.0,36416,15168846.1
2025-01-05,416.0,419.0,408.0,410.0,-0.61,42483,17506389.7
2025-01-02,396.9,414.8,396.9,412.5,1.85,17376,7157800.3
2025-01-01,413.0,420.0,404.9,405.0,-1.94,73680,30278567.6
2024-12-31,426.0,426.0,405.1,413.0,-3.05,57986,23960158.8
2024-12-29,440.0,440.0,424.1,426.0,-3.18,41651,17875883.6
2024-12-26,438.0,444.0,434.0,440.0,-0.36,32912,14388632.2
2024-12-24,440.0,449.0,437.0,441.6,1.15,33851,15012759.3
2024-12-23,440.0,440.0,435.0,436.6,-0.75,22027,9634401.0
2024-12-22,440.0,443.7,432.5,439.9,0.0,40238,17549287.1
2024-12-19,443.0,445.5,436.0,439.9,-0.32,40307,17693974.6
2024-12-18,449.5,450.0,441.0,441.3,-1.83,35347,15746354.2
2024-12-17,468.5,468.5,458.6,463.0,-0.86,60935,28128773.8
2024-12-16,462.0,467.0,450.1,467.0,1.97,86640,39889366.6
2024-12-12,462.0,469.8,458.0,458.0,-1.51,28886,13377219.6
2024-12-11,446.4,465.0,446.4,465.0,2.09,26447,12151747.8
2024-12-10,455.0,463.0,451.1,455.5,-0.07,45369,20769972.9
2024-12-09,465.0,465.0,455.8,455.8,-0.91,64720,29796140.8
2024-12-08,467.5,472.0,460.0,460.0,-1.9,87115,40573172.6
2024-12-05,472.0,480.0,468.2,468.9,-2.31,61479,29096987.6
2024-12-04,481.4,494.0,475.4,480.0,-1.23,75103,36292846.7
2024-12-03,495.8,495.8,482.6,486.0,-0.18,41480,20202906.9
2024-12-02,492.0,506.0,485.0,486.9,-0.94,223212,111002154.8
2024-12-01,480.0,497.5,473.1,491.5,1.93,138254,67691933.3
2024-11-28,475.0,504.0,475.0,482.2,-0.12,197728,96779780.4
2024-11-27,477.0,483.7,475.0,482.8,1.66,54693,26227387.8
2024-11-26,469.9,474.9,466.0,474.9,1.06,34064,15976446.8
2024-11-25,465.1,471.8,458.0,469.9,1.05,52192,24164569.9
2024-11-24,466.0,473.0,459.0,465.0,0.0,59044,27371926.7
2024-11-21,482.0,486.0,464.5,465.0,-3.63,82331,38738393.9
2024-11-20,475.0,483.3,466.0,482.5,1.79,75007,35709961.4
2024-11-19,490.0,490.0,473.0,474.0,-2.25,57097,27271939.3
2024-11-17,487.5,488.9,480.4,484.9,1.44,73996,35894325.0
2024-11-14,472.0,488.4,472.0,478.0,0.63,79104,38190236.4
2024-11-13,490.6,490.6,474.1,475.0,-1.25,64208,30632024.3
2024-11-12,484.2,490.0,479.9,481.0,-1.23,37724,18282678.8
2024-11-11,495.0,497.0,481.2,487.0,-0.61,69223,33934730.5
2024-11-10,485.0,491.0,475.0,490.0,1.03,135690,65762777.8
2024-11-06,478.0,490.0,477.0,485.0,0.0,27637,13410577.1
2024-11-05,488.7,492.8,480.0,485.0,0.21,20164,9786769.3
2024-10-30,487.0,491.0,480.0,484.0,-0.21,36985,17899547.9
2024-10-29,466.5,488.0,466.5,485.0,1.89,40672,19709607.3
2024-10-28,478.0,478.0,469.0,476.0,1.28,34414,16304922.3
2024-10-27,469.0,478.0,465.0,470.0,0.21,31498,14737468.7
2024-10-24,480.0,480.0,467.0,469.0,-1.26,48716,22979737.7
2024-10-23,480.7,481.0,472.0,475.0,0.04,48526,23110067.6
2024-10-22,469.0,477.0,469.0,474.8,1.04,35272,16720374.8
2024-10-21,485.0,486.0,468.2,469.9,-3.09,64117,30523801.5
2024-10-20,495.0,497.5,482.8,484.9,-2.43,97995,47855124.9
2024-10-17,502.1,508.0,497.0,497.0,-1.0,59560,29919880.6
2024-10-16,500.0,506.0,491.1,502.0,1.05,58947,29548362.1
2024-10-15,495.8,499.0,488.0,496.8,1.8,11737,5811130.3
2024-10-09,482.1,490.0,481.3,488.0,-0.22,73779,35851675.9
2024-10-08,492.0,501.0,487.2,489.1,-1.57,69568,34292359.1
2024-10-07,498.0,503.0,495.0,496.9,1.51,107365,53600188.6
2024-10-06,475.0,489.5,475.0,489.5,1.98,57746,27979313.7
2024-10-02,490.0,495.0,474.0,480.0,-1.62,131563,63726918.3
2024-10-01,470.0,491.0,464.0,487.9,5.61,143780,68585506.2
2024-09-30,461.0,462.0,454.0,462.0,1.76,54319,24931675.3
2024-09-29,448.1,459.0,448.0,454.0,0.67,63818,28864208.3
2024-09-26,454.0,465.1,450.9,451.0,0.0,75876,34640230.2
2024-09-25,442.6,453.9,436.1,451.0,3.92,92556,41307367.7
2024-09-24,447.1,460.0,433.0,434.0,-4.36,88165,39292877.7
2024-09-23,455.0,462.0,450.1,453.8,-1.77,91204,41503387.0
2024-09-22,465.1,474.0,459.0,462.0,1.32,69090,31950799.4
2024-09-18,456.0,465.1,442.0,456.0,1.79,111454,51041300.4
2024-09-16,453.0,462.0,444.0,448.0,-2.4,169556,77007813.9
2024-09-15,473.0,483.0,454.1,459.0,-2.75,132978,62686958.6
2024-09-12,467.0,474.0,458.1,472.0,3.06,107695,50133833.9
2024-09-11,461.0,469.0,453.2,458.0,-0.43,107265,49188408.7
2024-09-10,469.7,475.0,458.1,460.0,-0.63,146789,68130923.1
2024-09-09,477.0,481.0,460.1,462.9,-2.03,152989,71352271.5
2024-09-08,492.5,494.9,470.1,472.5,-2.56,106667,51616470.6
2024-09-05,487.7,497.0,481.1,484.9,-0.64,151516,73854125.1
2024-09-04,520.0,521.2,485.0,488.0,-4.87,262130,131043058.6
2024-09-03,518.0,528.3,501.0,513.0,-0.39,253985,130985212.2
2024-09-02,493.0,517.6,488.0,515.0,4.46,264138,133856678.4
2024-09-01,496.0,507.9,487.1,493.0,-0.6,223417,110591557.0
2024-08-29,513.5,515.0,485.1,496.0,-1.59,283193,141312165.9
2024-08-28,525.0,531.0,500.0,504.0,-2.14,250753,129217784.0
2024-08-27,561.0,561.0,511.8,515.0,-6.36,524208,275251387.1
2024-08-25,579.0,624.0,548.8,550.0,-6.78,921071,519606586.2
2024-08-22,578.2,625.0,555.7,590.0,0.0,1782742,1039341543.6
2024-08-21,539.0,590.0,530.0,590.0,9.46,237550,130380525.2
2024-08-18,542.6,574.0,524.5,539.0,1.32,296212,159192275.3
2024-08-15,545.0,554.0,532.0,532.0,-1.48,350636,190722483.6
2024-08-14,536.0,549.9,522.0,540.0,0.5,258351,138485417.2
2024-08-13,554.0,565.0,533.0,537.3,-1.97,255402,139408973.0
2024-08-12,536.0,560.0,530.0,548.1,2.26,573349,309773650.0
2024-08-11,540.0,545.0,532.0,536.0,0.19,380187,204017297.1
2024-08-08,549.0,550.0,533.0,535.0,-3.25,365149,197393086.8
2024-08-07,503.0,553.0,495.1,553.0,9.94,427959,224179181.9
2024-08-06,537.0,537.0,502.1,503.0,-4.91,373427,191248044.9
2024-08-05,520.0,532.9,507.0,529.0,1.15,466076,241851497.2
2024-08-01,535.1,545.8,519.0,523.0,-4.21,461422,244682216.8
2024-07-31,560.0,562.9,540.0,546.0,-1.62,546154,302161140.6
2024-07-30,511.0,560.8,503.0,555.0,8.84,498346,259727824.6
2024-07-29,541.1,541.1,508.0,509.9,-3.88,278052,144042726.9
2024-07-28,503.8,539.0,481.0,530.5,7.39,314620,161184363.8
2024-07-25,499.0,504.0,487.0,494.0,-0.4,300224,149283480.9
2024-07-24,506.9,516.0,492.0,496.0,-0.2,314094,157853409.6
2024-07-23,482.0,502.8,478.0,497.0,3.2,436308,215604912.8
2024-07-22,487.0,490.9,472.0,481.6,-0.7,306352,147360302.3
2024-07-21,475.0,494.4,467.1,485.0,2.11,431093,208956396.3
2024-07-18,458.0,486.3,457.0,475.0,4.4,585731,279156896.9
2024-07-17,434.0,472.2,425.0,455.0,5.57,369745,164512919.5
2024-07-16,405.2,431.7,405.2,431.0,6.39,237614,100279839.5
2024-07-15,418.0,421.1,405.1,405.1,-2.39,169518,69519002.8
2024-07-14,410.0,417.0,407.0,415.0,1.97,223727,92286182.8
2024-07-11,412.0,416.1,405.1,407.0,-0.25,99745,40831358.8
2024-07-10,418.2,418.2,404.6,408.0,-0.49,87246,35552896.1
2024-07-09,405.0,416.0,403.3,410.0,1.99,190709,78250220.0
2024-07-08,403.0,408.0,397.5,402.0,0.0,89606,35957281.2
2024-07-07,412.0,412.0,400.0,402.0,-0.5,166439,67231801.9
2024-07-04,398.3,407.0,385.0,404.0,3.46,340626,136966063.4
2024-07-03,384.0,394.0,378.1,390.5,1.45,90472,35098444.0
2024-07-02,385.5,401.0,380.1,384.9,1.83,47629,18404904.0
2024-07-01,374.0,379.0,374.0,378.0,1.23,33031,12435580.7
2024-06-30,373.2,378.9,373.2,373.4,-0.69,22320,8386157.0
2024-06-27,380.0,383.0,373.4,376.0,-1.05,45867,17270690.2
2024-06-26,389.8,389.8,378.2,380.0,-0.78,20465,7773532.8
2024-06-25,385.0,388.0,382.0,383.0,-0.26,32142,12359488.6
2024-06-24,378.0,386.0,378.0,384.0,1.19,61285,23447743.6
2024-06-23,378.1,384.0,378.0,379.5,-0.16,29608,11227621.4
2024-06-20,389.1,389.1,380.0,380.1,-0.37,35425,13481811.9
2024-06-19,381.0,385.0,380.5,381.5,-0.13,14945,5700941.6
2024-06-18,379.3,387.0,379.3,382.0,-1.29,30406,11646968.7
2024-06-16,390.0,392.0,384.2,387.0,-0.51,29925,11576756.2
2024-06-13,385.0,405.0,384.2,389.0,0.52,128580,50570472.9
2024-06-12,393.9,393.9,385.7,387.0,0.0,34430,13386238.2
2024-06-11,389.0,391.0,379.1,387.0,1.36,81522,31615656.2
2024-06-10,380.0,385.0,379.7,381.8,0.47,60509,23096906.8
2024-06-09,384.0,387.0,378.6,380.0,-1.04,66776,25540531.1
2024-06-06,391.0,391.0,384.0,384.0,-0.26,85460,32918590.9
2024-06-05,387.0,392.0,385.0,385.0,-0.31,61212,23781449.2
2024-06-04,393.0,393.9,385.0,386.2,-0.72,38719,15062284.3
2024-06-03,398.0,398.0,388.5,389.0,-0.33,34976,13652795.3
2024-06-02,394.4,397.0,388.0,390.3,0.59,48278,18894365.3
2024-05-30,401.0,401.0,387.0,388.0,-1.77,92489,36117074.5
2024-05-29,405.9,407.0,391.0,395.0,-0.75,161778,64482618.1
2024-05-27,399.0,402.0,391.2,398.0,1.38,92363,36810115.3
2024-05-26,399.8,405.9,392.6,392.6,-1.85,73064,29127299.9
2024-05-22,395.3,407.0,395.3,400.0,-0.02,86615,34976204.7
2024-05-21,410.0,413.0,400.1,400.1,-4.28,72360,29394424.1
2024-05-20,409.9,430.0,398.3,418.0,2.45,329804,134249619.6
2024-05-19,398.8,423.0,385.0,408.0,4.35,185207,74061414.1
2024-05-16,400.0,400.0,390.0,391.0,-1.49,49436,19430867.8
2024-05-15,412.0,412.0,395.1,396.9,-3.67,109192,43938304.3
2024-05-14,395.0,426.0,382.7,412.0,6.21,291537,116109348.0
2024-05-13,395.0,397.0,386.0,387.9,-1.17,68517,26809337.7
2024-05-12,396.9,410.0,387.0,392.5,-0.23,66078,26141520.5
2024-05-09,391.6,398.6,381.1,393.4,2.45,86508,33778314.1
2024-05-08,393.8,393.9,378.0,384.0,-0.78,47587,18199694.7
2024-05-07,391.9,396.0,381.3,387.0,0.29,60524,23400067.8
2024-05-06,392.0,393.0,383.0,385.9,-1.3,77029,29809293.8
2024-05-05,392.0,412.0,390.0,391.0,-2.25,234346,93441130.3
2024-05-02,389.8,431.0,389.8,400.0,0.58,324383,131711023.3
2024-04-30,363.6,407.5,363.6,397.7,7.2,459219,182428192.3
2024-04-29,366.0,375.0,363.0,371.0,1.37,30762,11437612.7
2024-04-28,358.0,369.0,358.0,366.0,2.21,29998,10918266.1
2024-04-25,360.0,363.9,358.0,358.1,-0.39,29122,10491229.0
2024-04-24,355.0,364.9,355.0,359.5,0.14,16738,5999955.9
2024-04-22,369.0,370.0,358.0,359.0,-1.1,10457,3769516.4
2024-04-21,360.0,363.5,354.0,363.0,0.78,23395,8355074.0
2024-04-18,371.0,371.0,360.0,360.2,-1.85,22485,8128945.4
2024-04-16,368.0,371.0,365.4,367.0,-0.76,16087,5904786.6
2024-04-15,365.0,384.0,365.0,369.8,-0.05,24091,8934895.2
2024-04-14,364.0,375.0,364.0,370.0,0.27,37633,13914557.1
2024-04-10,375.6,380.0,367.0,369.0,-1.86,19487,7247987.5
2024-04-09,378.0,383.9,373.0,376.0,-0.27,39201,14847945.9
2024-04-07,370.0,379.0,360.0,377.0,3.34,50608,18613109.2
2024-04-04,373.8,373.8,363.0,364.8,-0.46,33287,12136483.3
2024-04-03,378.4,378.4,365.2,366.5,-1.21,19566,7196644.8
2024-04-02,368.7,371.0,368.3,371.0,0.27,25202,9313645.6
2024-04-01,368.0,372.0,368.0,370.0,0.05,16700,6172551.9
2024-03-31,364.0,371.0,364.0,369.8,-0.32,16372,6048930.2
2024-03-28,363.5,373.0,363.5,371.0,0.82,19949,7353224.8
2024-03-27,379.9,379.9,366.0,368.0,-1.34,16655,6161138.8
2024-03-26,364.9,378.0,364.9,373.0,0.19,34304,12844998.5
2024-03-25,384.3,384.3,371.5,372.3,-1.19,27258,10176233.3
2024-03-21,365.6,380.0,365.6,376.8,1.02,49272,18585892.1
2024-03-20,380.7,380.7,370.0,373.0,-0.08,24366,9105075.9
2024-03-19,378.0,385.0,373.3,373.3,-1.24,30385,11526287.1
2024-03-18,385.0,390.0,377.0,378.0,0.0,41171,15639468.2
2024-03-17,380.0,387.5,378.0,378.0,-0.53,41910,16010907.8
2024-03-14,387.0,389.1,377.5,380.0,-1.3,43168,16512903.9
2024-03-13,391.3,391.3,382.0,385.0,0.34,46137,17759205.8
2024-03-12,379.0,385.5,377.2,383.7,3.01,48709,18573408.6
2024-03-10,375.0,382.0,372.5,372.5,-0.64,24547,9277990.7
2024-03-07,380.0,380.3,372.5,374.9,0.51,24812,9323942.3
2024-03-06,365.0,379.5,360.0,373.0,0.27,42426,15707157.6
2024-03-05,397.8,397.8,371.0,372.0,-4.62,50835,19277592.6
2024-03-04,369.0,390.0,369.0,390.0,7.73,9257,3556001.2
2024-03-03,358.8,367.0,353.0,362.0,0.58,30015,10803712.0
2024-02-29,368.0,370.0,358.0,359.9,-2.94,28579,10386286.6
2024-02-28,379.0,379.0,369.0,370.8,-1.12,33431,12426442.5
2024-02-27,372.0,376.9,370.0,375.0,0.81,29724,11071514.7
2024-02-26,372.0,374.0,370.0,372.0,0.54,26891,9995935.6
2024-02-25,375.1,382.4,368.2,370.0,-1.36,52162,19362295.9
2024-02-22,380.0,395.3,374.0,375.1,-1.29,34559,13093579.5
2024-02-21,382.0,386.0,377.1,380.0,0.0,33727,12785512.5
2024-02-20,388.0,388.0,378.0,380.0,-0.26,45971,17508255.5
2024-02-18,380.0,386.0,380.0,381.0,-1.55,35684,13610775.2
2024-02-15,394.2,396.0,382.3,387.0,-1.53,61037,23569952.6
2024-02-14,386.0,403.0,379.0,393.0,2.75,120616,47599013.7
2024-02-13,382.3,390.0,382.1,382.5,-1.92,19437,7459428.6
2024-02-12,387.0,393.0,386.2,390.0,0.26,16529,6440168.9
2024-02-11,395.0,395.0,388.0,389.0,0.26,18535,7223825.9
2024-02-08,395.9,395.9,385.0,388.0,-0.26,19924,7706833.9
2024-02-07,395.7,395.7,387.1,389.0,0.26,25012,9762106.5
2024-02-06,385.0,392.0,383.0,388.0,1.31,21224,8187796.4
2024-02-05,384.3,386.0,381.0,383.0,-0.52,23850,9140740.1
2024-02-04,373.7,390.0,373.7,385.0,1.05,50265,19272710.1
2024-02-01,379.5,387.0,379.5,381.0,-1.55,46403,17724290.9
2024-01-31,399.0,399.0,383.1,387.0,-1.53,66946,25955813.7
2024-01-30,399.0,400.0,392.1,393.0,-1.26,26911,10666525.1
2024-01-29,405.3,405.3,393.0,398.0,0.15,63079,25109384.2
2024-01-28,390.0,397.8,387.0,397.4,1.92,58249,22854768.0
2024-01-25,386.0,392.8,383.1,389.9,0.88,37322,14423790.0
2024-01-24,392.0,399.7,386.4,386.5,-1.4,67790,26468225.4
2024-01-23,400.8,400.8,388.0,392.0,-0.25,48727,19076696.0
2024-01-22,394.2,402.0,390.0,393.0,-1.75,79787,31509234.1
2024-01-21,408.0,411.0,398.1,400.0,-2.2,117867,47557039.4
2024-01-18,423.0,423.0,404.1,409.0,-1.45,168889,68942599.4
2024-01-17,413.1,420.0,403.1,415.0,2.47,220692,90931513.4
2024-01-16,405.0,412.9,403.0,405.0,1.76,63974,26020281.7
2024-01-14,403.9,405.0,392.0,398.0,0.51,54959,21929718.3
2024-01-11,405.0,405.0,395.1,396.0,-1.25,39904,15920580.0
2024-01-10,418.0,419.0,399.0,401.0,-2.41,108748,44429676.4
2024-01-09,397.0,426.0,394.0,410.9,3.89,174747,70927859.2
2024-01-08,388.0,409.0,381.2,395.5,3.56,59913,23336450.3
2024-01-07,390.0,390.0,380.0,381.9,-0.55,65641,25171234.8
2024-01-04,397.8,397.8,383.0,384.0,-1.54,78383,30418469.5
2024-01-03,386.5,392.8,382.0,390.0,1.04,41564,16131926.6
2024-01-02,403.2,403.2,384.0,386.0,-2.35,35078,13585290.9
2024-01-01,394.9,400.0,385.0,395.3,1.1,81340,31922583.4
2023-12-28,398.0,399.5,387.0,391.0,-1.76,97186,37974982.7
2023-12-27,398.9,400.1,392.1,398.0,-0.23,104597,41396656.3
2023-12-24,419.2,419.2,397.0,398.9,-2.94,117674,47811213.7
2023-12-21,420.0,422.0,402.0,411.0,-2.14,128856,52774987.9
2023-12-20,426.3,426.5,409.7,420.0,-3.45,180652,75793113.6
2023-12-19,414.0,435.0,395.0,435.0,6.12,218095,89263351.2
2023-12-18,428.0,428.0,400.0,409.9,-2.4,189417,77254597.9
2023-12-17,394.7,420.0,379.2,420.0,8.53,113421,44617727.3
2023-12-14,379.9,387.0,374.0,387.0,1.84,68973,26453153.7
2023-12-13,387.6,387.6,372.4,380.0,0.0,73409,27847481.4
2023-12-12,362.0,382.5,361.1,380.0,4.4,112118,41708583.3
2023-12-11,378.0,378.0,363.1,364.0,-2.65,94497,34752601.7
2023-12-10,361.5,376.0,361.5,373.9,5.47,9356,3454581.0
2023-12-07,347.8,357.0,347.8,354.5,0.42,13659,4843859.1
2023-12-06,355.0,355.0,349.0,353.0,0.89,22865,8027452.6
2023-12-05,351.0,363.1,349.9,349.9,-1.55,26514,9378599.8
2023-12-04,348.0,361.0,348.0,355.4,1.54,15258,5404828.4
2023-12-03,354.0,354.0,346.6,350.0,0.0,16653,5822861.6
2023-11-30,366.0,366.0,350.0,350.0,-2.48,17764,6255674.0
2023-11-29,360.0,361.0,352.1,358.9,0.25,29538,10492768.1
2023-11-28,358.1,362.0,355.2,358.0,-0.83,41032,14691447.4
2023-11-27,352.9,363.0,352.9,361.0,2.28,39361,14130244.6
2023-11-26,376.0,391.0,374.1,390.0,4.28,109737,42276755.5
2023-11-23,368.0,376.9,365.0,374.0,1.63,19462,7251792.8
2023-11-22,370.0,370.0,362.6,368.0,-0.54,12624,4624561.1
2023-11-21,361.0,370.0,361.0,370.0,0.54,18982,6905511.7
2023-11-20,370.0,372.0,364.0,368.0,1.32,17745,6517208.8
2023-11-09,364.9,364.9,357.0,363.2,0.89,15968,5739723.7
2023-11-08,360.0,364.1,357.0,360.0,0.0,4853,1744697.2
2023-11-07,362.1,364.0,358.0,360.0,-0.55,5860,2110374.4
2023-11-06,353.1,363.8,353.1,362.0,2.4,10217,3678874.4
2023-11-05,356.0,363.2,348.5,353.5,-0.76,15684,5502841.2
2023-11-02,360.0,363.0,356.0,356.2,-1.06,8188,2934548.9
2023-11-01,364.0,366.0,359.0,360.0,-0.28,9970,3606613.5
2023-10-31,364.0,367.0,360.0,361.0,-1.9,9672,3502029.8
2023-10-30,365.0,371.5,358.5,368.0,0.82,10962,4010775.9
2023-10-29,364.0,366.0,360.0,365.0,-0.6,15047,5446771.7
2023-10-19,365.3,372.0,362.5,367.2,-0.7,18500,6775177.7
2023-10-18,358.0,369.9,358.0,369.8,3.3,11370,4147904.8
2023-10-17,364.0,371.0,353.0,358.0,-0.11,15789,5690634.2
2023-10-16,359.1,366.0,355.0,358.4,-2.08,17445,6247638.8
2023-10-12,370.0,372.0,366.0,366.0,-0.54,18826,6931152.0
2023-10-11,374.9,374.9,360.0,368.0,0.0,27596,10185589.8
2023-10-10,375.0,375.0,367.0,368.0,-1.87,47761,17654147.3
2023-10-09,379.0,380.0,372.0,375.0,-1.06,25719,9656179.3
2023-10-08,380.0,385.0,377.0,379.0,-2.04,25604,9720215.8
2023-10-05,388.9,390.0,385.5,386.9,-0.28,25582,9941027.6
2023-10-04,387.0,392.0,383.0,388.0,0.26,21441,8322336.2
2023-10-03,385.0,387.0,381.1,387.0,0.99,57057,21949313.6
2023-10-02,379.0,387.9,377.2,383.2,0.31,23232,8888498.2
2023-10-01,386.0,386.0,380.0,382.0,-1.04,24391,9356962.1
2023-09-27,391.0,394.0,385.0,386.0,-1.53,36297,14068468.9
2023-09-26,397.0,398.0,392.0,392.0,0.51,34774,13732648.9
2023-09-25,386.0,395.0,385.2,390.0,-0.03,37514,14613484.6
2023-09-24,403.0,403.0,390.1,390.1,-2.96,57717,22862327.0
2023-09-21,388.6,402.0,386.0,402.0,5.51,123946,49065800.3
2023-09-19,376.0,384.5,374.1,381.0,1.41,18423,7015778.4
2023-09-18,376.0,378.0,371.1,375.7,-0.08,13989,5224292.2
2023-09-17,380.4,387.0,375.2,376.0,-3.09,16525,6257295.7
2023-09-13,375.0,388.0,375.0,388.0,3.85,37711,14432908.7
2023-09-12,385.0,385.0,373.6,373.6,-1.94,21673,8168117.6
2023-09-11,371.1,383.0,371.1,381.0,1.87,26526,10088416.4
2023-09-10,375.0,377.0,372.3,374.0,0.7,20524,7674169.1
2023-09-07,375.0,377.9,370.5,371.4,-0.96,19950,7419687.4
2023-09-05,375.0,376.0,372.0,375.0,0.0,13202,4932930.3
2023-09-04,375.0,379.0,369.0,375.0,0.54,27936,10405929.0
2023-09-03,377.0,378.0,373.0,373.0,-1.82,21698,8135713.4
2023-08-30,377.0,381.0,375.1,379.9,0.74,23776,9007631.9
2023-08-29,377.5,381.9,377.1,377.1,-1.23,17286,6550859.3
2023-08-28,378.0,383.9,375.3,381.8,1.01,12999,4947564.1
2023-08-27,380.0,383.0,375.2,378.0,-0.79,25248,9564820.9
2023-08-24,389.0,392.0,379.0,381.0,-2.06,57115,21992208.8
2023-08-23,383.5,391.0,383.5,389.0,0.52,38803,15074692.7
2023-08-22,380.9,387.0,375.0,387.0,2.14,29132,11143459.2
2023-08-21,377.0,384.0,376.3,378.9,-0.03,25834,9794352.6
2023-08-20,375.0,382.0,374.0,379.0,0.0,31319,11823964.2
2023-08-17,378.0,387.0,378.0,379.0,0.26,45302,17318647.9
2023-08-16,370.0,382.0,370.0,378.0,0.53,50002,18855104.1
2023-08-15,385.0,389.0,375.0,376.0,-2.59,51451,19560623.5
2023-08-14,380.0,392.5,380.0,386.0,0.0,66468,25852291.0
2023-08-13,388.0,388.9,382.1,386.0,0.52,50107,19323282.9
2023-08-10,390.0,390.0,380.0,384.0,-0.23,49606,19154532.8
2023-08-09,372.0,385.0,370.0,384.9,3.19,42773,16093796.3
2023-08-08,375.2,382.5,373.0,373.0,-0.53,47029,17710518.3
2023-08-07,375.4,383.0,372.0,375.0,0.27,50551,19122002.3
2023-08-06,384.0,384.8,373.1,374.0,-2.09,65407,24630144.0
2023-08-03,387.9,392.0,381.4,382.0,-0.26,43236,16737840.8
2023-08-02,389.0,389.0,377.0,383.0,0.0,48269,18370618.9
2023-08-01,396.0,396.0,379.5,383.0,-1.54,44786,17221081.7
2023-07-31,385.0,398.0,384.0,389.0,1.01,68957,26941006.9
2023-07-30,397.0,399.0,384.2,385.1,-1.79,77786,30109520.1
2023-07-27,392.0,413.0,392.0,392.1,0.03,146158,58002447.1
2023-07-26,400.0,400.0,391.0,392.0,-0.25,70917,28013887.1
2023-07-25,406.9,406.9,391.0,393.0,-1.5,99447,39314947.7
2023-07-24,415.0,415.0,399.0,399.0,-3.81,169317,68618445.9
2023-07-23,405.0,424.0,400.0,414.8,3.18,159598,65866476.1
2023-07-20,405.0,408.8,399.0,402.0,-0.74,105378,42409298.5
2023-07-19,405.0,409.9,400.0,405.0,0.0,91029,36881219.0
2023-07-18,415.0,415.0,401.0,405.0,-1.22,158451,64669501.5
2023-07-17,389.0,410.0,382.0,410.0,6.77,193427,77513672.3
2023-07-16,392.0,392.0,380.0,384.0,-0.26,45930,17566913.5
2023-07-13,394.5,396.0,383.3,385.0,-1.03,95293,37132636.7
2023-07-12,393.0,395.0,387.2,389.0,0.52,125845,49222502.3
2023-07-11,384.0,395.0,373.4,387.0,2.16,169893,66158934.6
2023-07-10,379.0,384.0,375.4,378.8,0.74,77692,29456163.5
2023-07-09,376.0,377.0,370.0,376.0,1.65,71200,26635948.2
2023-07-06,366.9,377.1,360.3,369.9,1.7,69406,25486855.8
2023-07-05,377.0,377.0,363.6,363.7,-1.7,48950,18031660.2
2023-07-04,374.3,374.5,366.0,370.0,0.82,47981,17718103.0
2023-07-03,367.5,377.0,366.0,367.0,0.0,80241,29718071.8
2023-07-02,376.0,382.0,367.0,367.0,-3.45,91264,34082078.2
2023-06-28,390.0,394.3,380.0,380.1,-2.54,79188,30422344.2
2023-06-27,390.0,395.0,385.0,390.0,0.0,110270,42886680.9
2023-06-26,393.0,399.5,380.0,390.0,0.75,132209,51528814.7
2023-06-25,369.0,390.0,369.0,387.1,5.19,156813,60162242.0
2023-06-22,369.1,376.0,365.0,368.0,-1.34,70097,25886794.1
2023-06-21,379.9,382.0,368.1,373.0,-1.06,99358,37278148.3
2023-06-20,376.0,394.5,372.0,377.0,0.03,220915,85337405.1
2023-06-19,358.0,377.0,358.0,376.9,5.28,227633,84383121.0
2023-06-18,364.0,367.0,356.1,358.0,-0.2,88258,31911606.7
2023-06-15,367.2,367.2,353.1,358.7,-0.36,61782,22084461.2
2023-06-14,368.9,371.0,352.0,360.0,-1.37,102556,37349231.1
2023-06-13,363.1,369.0,350.0,365.0,2.5,110496,40042877.8
2023-06-12,361.0,366.0,353.0,356.1,-0.53,102562,36929992.3
2023-06-11,342.0,361.0,340.0,358.0,4.99,124139,44058093.6
2023-06-08,342.9,345.6,337.0,341.0,0.89,38553,13181054.7
2023-06-07,336.0,342.0,335.0,338.0,2.05,48498,16461266.6
2023-06-06,330.0,335.0,330.0,331.2,0.36,14431,4810025.3
2023-06-05,339.0,339.8,329.0,330.0,-1.2,37133,12421573.3
2023-06-04,327.7,340.0,327.7,334.0,3.95,22600,7515670.7
2023-06-01,325.0,327.0,317.0,321.3,0.72,15501,4986132.4
2023-05-31,321.0,330.0,316.6,319.0,-1.88,44617,14288782.4
2023-05-30,328.1,332.0,322.0,325.1,-2.66,38590,12636600.9
2023-05-28,340.3,348.0,334.0,334.0,-2.91,45790,15677568.8
2023-05-24,345.0,348.0,340.0,344.0,-0.29,17113,5882705.6
2023-05-23,340.0,348.0,336.0,345.0,2.22,46279,15914170.0
2023-05-22,332.0,340.0,330.0,337.5,0.75,33089,11074781.1
2023-05-21,334.0,343.7,331.0,335.0,0.57,61680,20786952.3
2023-05-18,324.5,335.0,324.0,333.1,3.77,30638,10146040.0
2023-05-17,322.4,324.8,319.0,321.0,1.55,20894,6737085.1
2023-05-16,316.0,318.4,315.0,316.1,0.03,8321,2628936.2
2023-05-15,313.2,318.0,313.1,316.0,0.41,8432,2665828.4
2023-05-14,320.0,323.0,314.0,314.7,-1.04,18817,5934401.9
2023-05-11,320.0,320.0,315.7,318.0,-0.31,11279,3580210.1
2023-05-10,317.3,321.0,314.1,319.0,0.69,20154,6402926.2
2023-05-09,315.0,320.0,313.0,316.8,0.25,13818,4399411.4
2023-05-08,314.0,319.0,314.0,316.0,-0.63,14130,4455847.9
2023-05-07,315.0,321.0,315.0,318.0,-0.34,9572,3050867.2
2023-05-04,320.0,322.0,315.5,319.1,0.35,10522,3359362.5
2023-05-03,316.0,322.0,314.5,318.0,-0.06,8135,2574756.0
2023-05-02,320.8,321.0,318.0,318.2,-0.25,13728,4380419.1
2023-04-30,328.0,328.0,318.5,319.0,-1.24,12870,4122251.9
2023-04-27,318.0,324.5,318.0,323.0,0.34,15588,5005194.1
2023-04-26,328.9,328.9,321.0,321.9,-1.26,20970,6772774.9
2023-04-25,319.0,327.4,317.0,326.0,2.19,36154,11675190.2
2023-04-24,326.0,326.0,317.0,319.0,-0.28,16395,5254051.7
2023-04-23,320.0,322.0,318.0,319.9,-0.16,23474,7502664.4
2023-04-20,330.0,330.0,318.1,320.4,-1.11,13324,4315173.8
2023-04-19,324.0,324.0,318.0,324.0,1.89,10447,3354761.4
2023-04-18,317.0,321.9,310.7,318.0,0.0,15871,5005659.7
2023-04-17,322.0,327.0,316.7,318.0,-2.75,15958,5095669.4
2023-04-16,325.0,327.0,319.0,327.0,1.24,23739,7696949.8
2023-04-13,325.0,335.0,322.0,323.0,-2.09,48610,15912551.8
2023-04-12,311.1,330.0,311.0,329.9,6.08,49018,15872998.3
2023-04-11,309.0,311.0,303.0,311.0,1.97,27179,8342697.5
2023-04-10,300.2,308.0,300.2,305.0,0.66,20628,6298602.7
2023-04-09,306.5,309.9,302.0,303.0,-2.26,27318,8325390.3
2023-04-06,314.0,314.0,306.8,310.0,-0.48,21044,6511043.8
2023-04-05,314.9,314.9,307.4,311.5,-0.16,8450,2621078.0
2023-04-04,305.0,313.1,304.1,312.0,1.63,21534,6684385.2
2023-04-03,318.0,318.0,306.0,307.0,-2.23,28114,8685731.5
2023-04-02,324.0,326.0,312.0,314.0,-1.44,27384,8659916.1
2023-03-30,321.9,325.0,318.6,318.6,-1.03,13245,4239959.4
2023-03-29,325.0,325.0,319.0,321.9,-0.65,19038,6105422.8
2023-03-28,331.0,332.0,318.7,324.0,-0.46,35809,11597282.8
2023-03-27,315.1,327.0,315.1,325.5,2.04,20950,6713460.3
2023-03-26,320.0,328.0,314.1,319.0,-2.15,29548,9396944.1
2023-03-23,325.0,330.0,322.1,326.0,-1.15,28133,9162499.0
2023-03-22,335.0,336.0,328.6,329.8,-1.82,24301,8052096.1
2023-03-20,334.0,336.0,332.0,335.9,1.27,12577,4194422.5
2023-03-19,335.0,335.0,331.0,331.7,-0.66,7848,2613978.2
2023-03-16,333.0,337.0,330.0,333.9,-0.92,19582,6522047.7
2023-03-15,342.9,342.9,330.0,337.0,-1.17,32841,10937108.9
2023-03-14,334.0,341.7,330.0,341.0,1.79,36938,12420033.8
2023-03-13,335.2,338.0,333.1,335.0,-1.18,12203,4095860.9
2023-03-12,344.1,345.9,336.0,339.0,-1.19,22716,7710225.5
2023-03-09,341.0,348.8,338.0,343.1,2.42,34274,11713527.0
2023-03-07,338.8,340.0,330.0,335.0,0.06,15399,5165222.7
2023-03-05,334.0,337.0,323.0,334.8,0.24,39052,12867728.8
2023-03-02,334.1,338.5,332.0,334.0,-1.47,21156,7059973.0
2023-03-01,342.0,342.0,335.0,339.0,-2.28,10839,3667298.6
2023-02-28,348.0,348.0,340.0,346.9,0.9,21627,7426294.3
2023-02-27,346.0,346.0,333.5,343.8,-0.06,20103,6807408.4
2023-02-26,339.0,344.0,330.1,344.0,0.58,33691,11326538.5
2023-02-23,339.0,345.0,337.1,342.0,-0.84,35137,11945974.5
2023-02-22,338.0,350.0,338.0,344.9,1.95,32971,11358641.5
2023-02-20,335.0,340.0,335.0,338.3,-0.21,17594,5950067.5
2023-02-16,340.1,344.0,338.0,339.0,-0.85,27709,9409300.6
2023-02-15,348.0,351.9,340.0,341.9,-1.75,22431,7723149.2
2023-02-14,346.0,355.0,345.1,348.0,-0.85,36877,12884485.2
2023-02-12,357.0,357.0,346.3,351.0,-3.57,79172,27828287.0
2023-02-09,354.6,365.0,354.6,364.0,0.86,34823,12579002.6
2023-02-08,365.0,369.9,351.9,360.9,0.53,95017,34336550.5
2023-02-07,344.0,360.0,343.0,359.0,5.28,65451,23090173.8
2023-02-06,340.9,343.0,336.0,341.0,-0.03,20784,7061311.1
2023-02-05,347.0,347.0,340.0,341.1,0.03,23882,8169412.7
2023-02-02,349.0,350.0,341.0,341.0,-0.87,34562,11866601.0
2023-02-01,345.0,348.0,342.5,344.0,-0.29,28606,9856714.1
2023-01-31,341.0,348.0,341.0,345.0,-0.69,46821,16119645.2
2023-01-30,359.0,359.0,345.0,347.4,-2.14,88525,31103444.5
2023-01-29,352.0,360.3,351.9,355.0,-1.11,42126,14964851.3
2023-01-26,365.0,365.0,355.1,359.0,-0.31,35076,12636489.3
2023-01-25,363.0,367.0,358.7,360.1,0.53,50890,18511440.0
2023-01-24,358.0,364.0,353.0,358.2,0.34,55761,19975155.1
2023-01-23,360.0,365.0,357.0,357.0,0.59,150937,54522295.1
2023-01-19,353.5,360.9,350.0,354.9,0.45,84667,30184867.4
2023-01-18,353.0,364.0,353.0,353.3,0.08,92488,33233570.7
2023-01-17,352.1,358.0,342.0,353.0,2.26,88824,31181872.0
2023-01-12,358.1,371.0,345.0,345.2,-1.68,129833,45823025.5
2023-01-10,354.5,369.9,350.0,351.1,0.31,253322,91461356.8
2023-01-09,338.0,350.0,331.0,350.0,3.86,111454,38231996.0
2023-01-08,332.9,340.0,326.1,337.0,1.81,93142,31231418.0
2023-01-05,332.0,337.0,326.1,331.0,1.5,89574,29712547.7
2023-01-04,320.7,330.0,315.1,326.1,3.07,83645,26992257.5
2023-01-03,324.5,324.5,314.6,316.4,-1.43,41939,13396962.0
2023-01-02,321.0,326.0,319.0,321.0,0.0,58484,18847061.1
2023-01-01,328.0,329.0,314.0,321.0,-0.62,56778,18339188.0
2022-12-29,314.0,324.9,309.1,323.0,2.87,50133,16010822.1
2022-12-28,318.0,320.1,311.7,314.0,-1.26,27352,8626775.5
2022-12-27,309.6,325.0,309.6,318.0,4.74,97467,30984669.8
2022-12-26,339.6,345.9,336.0,344.0,3.3,155661,53400154.9
2022-12-22,335.0,336.0,331.1,333.0,0.3,35123,11680759.6
2022-12-21,342.0,342.5,332.0,332.0,-1.16,43663,14590015.7
2022-12-20,330.0,338.0,330.0,335.9,1.82,37715,12645265.9
2022-12-19,324.0,333.0,324.0,329.9,1.7,13478,4435705.5
2022-12-18,327.0,327.0,321.0,324.4,-0.28,34256,11116093.4
2022-12-15,333.8,333.8,325.0,325.3,-1.12,30419,9945489.9
2022-12-14,330.7,334.8,328.0,329.0,-1.5,16987,5614745.1
2022-12-13,329.0,335.0,328.1,334.0,0.0,22749,7568145.5
2022-12-12,328.9,334.9,325.0,334.0,2.77,31731,10447662.9
2022-12-11,327.0,330.0,322.7,325.0,-0.31,31442,10203521.7
2022-12-07,330.0,332.0,326.0,326.0,-1.21,35916,11801169.5
2022-12-06,330.1,335.0,329.0,330.0,-0.63,48709,16119813.3
2022-12-05,338.1,341.9,332.1,332.1,-2.35,45307,15254218.9
2022-12-04,341.1,344.0,340.1,340.1,-0.26,41431,14167067.9
2022-12-01,340.0,344.8,338.0,341.0,0.29,101748,34666201.2
2022-11-30,341.5,342.1,339.2,340.0,-0.56,32204,10970760.2
2022-11-29,339.0,344.0,338.1,341.9,0.26,44293,15090852.1
2022-11-28,344.0,352.0,339.0,341.0,-2.57,170248,58844385.7
2022-11-27,345.0,350.5,341.1,350.0,2.04,108032,37529200.4
2022-11-24,333.0,345.9,333.0,343.0,4.89,225483,76248401.0
2022-11-23,316.1,329.0,315.4,327.0,2.19,55281,17818732.3
2022-11-22,326.0,328.0,316.8,320.0,-0.62,37165,11908101.6
2022-11-17,323.0,324.6,317.6,322.0,1.58,89240,28701766.0
2022-11-16,314.0,318.0,311.0,317.0,2.26,22407,7079883.4
2022-11-15,317.9,317.9,309.0,310.0,-1.27,30220,9468196.8
2022-11-14,307.0,314.0,305.6,314.0,2.28,29918,9293030.9
2022-11-13,310.5,315.0,305.0,307.0,0.56,23026,7077941.2
2022-11-10,319.2,319.2,305.0,305.3,-2.46,75804,23348697.1
2022-11-09,329.0,329.0,310.0,313.0,-3.1,52172,16414205.1
2022-11-08,330.4,330.4,318.5,323.0,-0.31,56862,18259626.4
2022-11-07,326.0,331.9,320.0,324.0,-0.28,76282,24875702.4
2022-11-06,321.3,326.0,312.0,324.9,3.14,42513,13673405.1
2022-11-03,309.1,321.0,308.8,315.0,0.0,84745,26842029.1
2022-11-02,310.0,318.0,304.0,315.0,1.61,75943,23763730.7
2022-11-01,302.0,312.9,298.0,310.0,3.4,57369,17713140.6
2022-10-31,285.6,301.5,285.0,299.8,7.07,52794,15642422.5
2022-10-23,278.0,282.0,276.0,280.0,0.72,4949,1380197.5
2022-10-20,275.0,280.1,273.0,278.0,0.0,8666,2392581.9
2022-10-19,281.0,281.0,277.1,278.0,-1.24,8540,2376225.3
2022-10-17,281.0,286.0,280.5,281.5,-0.57,3805,1078373.5
2022-10-16,286.0,288.9,282.0,283.1,-2.51,9365,2665161.7
2022-10-13,290.0,291.0,286.0,290.4,1.89,12214,3521074.0
2022-10-12,285.0,291.0,281.2,285.0,0.35,34918,9982513.2
2022-10-11,289.0,289.0,281.0,284.0,-1.05,9874,2804423.8
2022-10-10,296.8,296.8,282.0,287.0,-1.37,13431,3855121.4
2022-10-09,285.0,294.7,284.1,291.0,2.86,11082,3208867.5
2022-09-29,284.0,284.9,278.0,282.9,1.04,14782,4151407.6
2022-09-28,284.0,284.0,278.1,280.0,0.0,6748,1891601.8
2022-09-27,278.0,283.0,272.6,280.0,2.0,19194,5327525.8
2022-09-25,276.0,281.4,270.3,274.5,-1.96,7423,2028521.0
2022-09-22,286.0,286.0,278.5,280.0,-0.88,11866,3333424.6
2022-09-21,282.0,285.9,278.0,282.5,1.58,15331,4346330.4
2022-09-20,282.0,283.0,277.0,278.1,-2.76,23218,6487269.3
2022-09-18,299.9,302.0,285.0,286.0,-4.03,24439,7106872.9
2022-09-16,297.0,300.0,290.2,298.0,-1.65,41088,12109173.5
2022-09-15,310.2,316.4,299.9,303.0,-3.96,38309,11715077.7
2022-09-14,302.0,316.2,302.0,315.5,4.47,23827,7406398.6
2022-09-13,303.0,305.0,300.0,302.0,1.34,13970,4227819.3
2022-09-12,301.0,301.0,295.0,298.0,-0.67,10324,3062463.1
2022-09-11,301.1,304.0,299.1,300.0,-1.51,16751,5029823.8
2022-09-08,300.0,305.8,298.0,304.6,1.36,15389,4646852.5
2022-09-07,300.0,302.0,298.0,300.5,-0.66,11168,3346807.6
2022-09-06,303.0,309.0,302.0,302.5,-2.1,10707,3250047.2
2022-09-05,314.0,315.0,307.5,309.0,-0.32,11218,3467260.9
2022-09-04,302.0,310.0,302.0,310.0,2.68,23680,7277197.6
2022-09-02,309.0,309.0,300.0,301.9,-0.4,11544,3487607.6
2022-09-01,300.2,307.0,297.0,303.1,-0.3,22971,6914204.5
2022-08-31,306.0,311.9,302.0,304.0,-1.43,14495,4418477.9
2022-08-30,312.0,312.0,307.0,308.4,0.13,44425,13736040.7
2022-08-29,313.9,313.9,303.0,308.0,0.03,18132,5543681.9
2022-08-28,312.0,316.0,306.0,307.9,-2.25,29339,9042387.8
2022-08-26,312.0,315.9,312.0,315.0,-0.32,9466,2974381.3
2022-08-25,322.1,324.9,316.0,316.0,-1.86,28125,8958081.9
2022-08-24,327.5,328.0,317.8,322.0,0.0,15398,4952150.0
2022-08-23,318.0,325.0,317.0,322.0,0.31,17424,5559096.3
2022-08-22,321.1,324.9,320.0,321.0,-1.23,12671,4073934.6
2022-08-21,330.4,331.0,324.0,325.0,-0.61,32347,10595675.3
2022-08-18,321.0,330.1,320.1,327.0,2.83,40817,13302508.4
2022-08-17,317.5,326.0,316.0,318.0,0.25,24566,7881466.2
2022-08-16,333.4,334.0,316.1,317.2,-3.0,62329,20384149.0
2022-08-15,309.5,327.0,307.0,327.0,5.83,46194,14708029.3
2022-08-14,316.9,318.0,306.0,309.0,-1.28,27705,8586318.8
2022-08-11,320.0,320.0,310.7,313.0,-0.32,25612,8058964.7
2022-08-10,313.0,320.0,311.9,314.0,-1.26,34542,10920760.3
2022-08-09,325.0,331.1,314.5,318.0,-3.28,50310,16091527.0
2022-08-08,334.0,334.9,321.0,328.8,0.24,48743,16067577.6
2022-08-07,326.0,334.0,325.0,328.0,0.61,35324,11667994.6
2022-08-05,336.6,336.6,325.0,326.0,-1.21,50014,16420471.3
2022-08-04,340.0,343.0,330.0,330.0,-2.08,72181,24129884.9
2022-08-03,347.0,352.0,337.0,337.0,-1.17,82659,28590990.3
2022-08-02,351.0,351.0,335.9,341.0,-1.16,62812,21363199.2
2022-08-01,346.0,352.0,341.1,345.0,-2.24,109091,37736225.7
2022-07-31,344.0,360.0,344.0,352.9,1.99,142120,50085605.7
2022-07-29,336.9,350.0,330.0,346.0,4.53,96374,32990636.2
2022-07-28,326.0,341.8,325.6,331.0,3.44,187628,62701417.8
2022-07-27,315.0,325.0,310.1,320.0,0.34,97529,31056730.7
2022-07-26,327.0,332.0,317.0,318.9,-2.63,81748,26354618.1
2022-07-25,314.1,336.0,310.0,327.5,6.33,99278,32101441.4
2022-07-24,297.0,311.0,296.2,308.0,4.05,72140,22004429.4
2022-07-22,298.0,301.0,295.2,296.0,-2.28,28819,8582083.4
2022-07-21,307.0,307.0,301.1,302.9,-1.17,30036,9113457.5
2022-07-20,305.9,308.8,296.0,306.5,1.16,39550,12094016.5
2022-07-19,305.0,306.0,298.9,303.0,1.0,32470,9835553.2
2022-07-18,298.0,301.0,292.1,300.0,0.87,19013,5652346.7
2022-07-17,295.0,301.0,290.0,297.4,0.85,34213,10150915.4
2022-07-15,288.0,295.0,287.2,294.9,0.65,20276,5934157.2
2022-07-14,299.0,300.0,289.0,293.0,-0.34,32376,9541859.3
2022-07-13,283.0,296.0,279.2,294.0,5.76,47280,13612255.6
2022-07-12,282.9,285.0,274.0,278.0,0.0,20551,5719151.9
2022-07-11,284.2,285.0,275.0,278.0,-4.14,33853,9392482.2
2022-07-08,299.8,299.8,286.0,290.0,-1.36,27759,8021604.6
2022-07-07,303.4,308.0,293.0,294.0,-1.18,34027,10142146.3
2022-07-06,295.0,300.0,286.0,297.5,0.85,29523,8700363.8
2022-07-05,300.0,312.0,292.0,295.0,-3.59,55740,16669338.3
2022-07-04,310.0,319.9,299.0,306.0,0.53,117133,36579274.0
2022-07-03,301.9,307.5,291.2,304.4,2.84,54701,16476648.8
2022-07-01,304.0,306.0,294.0,296.0,-1.99,35646,10654797.5
2022-06-30,291.0,304.8,283.0,302.0,5.59,63018,18790329.0
2022-06-29,276.0,286.0,274.0,286.0,5.15,33073,9288833.7
2022-06-28,268.6,276.0,267.0,272.0,-0.73,12588,3394858.4
2022-06-27,287.0,290.7,274.0,274.0,-3.83,44941,12622189.3
2022-06-26,271.0,285.0,267.3,284.9,7.11,52333,14483935.3
2022-06-24,259.7,283.0,255.1,266.0,0.38,18186,4888158.8
2022-06-23,276.0,276.0,261.0,265.0,-3.99,27306,7230911.3
2022-06-22,290.0,290.0,273.5,276.0,-4.17,18103,5019713.6
2022-06-21,278.0,290.0,269.1,288.0,5.11,28742,8094368.4
2022-06-20,280.0,282.4,272.5,274.0,-2.94,22996,6347363.8
2022-06-19,293.0,293.0,282.3,282.3,-4.31,25237,7195308.7
2022-06-17,300.9,301.4,290.1,295.0,-1.01,7510,2213240.6
2022-06-16,292.0,305.0,292.0,298.0,0.34,59262,17523511.7
2022-06-15,297.8,300.0,290.0,297.0,-0.27,18781,5536882.1
2022-06-14,306.0,306.0,297.2,297.8,-3.31,21557,6468578.8
2022-06-13,315.0,315.0,306.0,308.0,-0.65,5731,1769933.0
2022-06-10,310.0,314.9,308.0,310.0,0.0,5651,1748838.7
2022-06-09,322.0,326.0,309.0,310.0,-1.9,39236,12416444.0
2022-06-08,300.0,321.7,300.0,316.0,3.27,21124,6660540.6
2022-06-07,310.0,316.2,305.1,306.0,-2.86,20160,6219568.9
2022-06-06,320.0,321.0,312.0,315.0,-0.32,35733,11267294.0
2022-06-03,321.0,322.0,310.0,316.0,-1.83,16412,5165460.9
2022-06-02,324.0,326.9,316.0,321.9,0.37,15870,5085966.8
2022-06-01,324.8,331.0,318.0,320.7,0.69,13833,4450796.5
2022-05-31,320.1,329.8,315.1,318.5,-2.33,28330,9127528.5
2022-05-30,334.0,335.0,325.0,326.1,-2.37,16542,5430038.9
2022-05-27,341.0,341.0,332.0,334.0,-0.89,11612,3891840.5
2022-05-26,342.0,342.0,335.0,337.0,-0.59,11437,3852524.9
2022-05-25,344.0,347.0,338.0,339.0,0.3,29834,10187615.2
2022-05-24,334.0,341.7,330.5,338.0,1.2,10046,3393026.4
2022-05-23,341.0,341.0,330.0,334.0,-2.05,22318,7425471.4
2022-05-20,341.0,350.0,339.1,341.0,-0.84,20431,6988638.9
2022-05-19,347.0,351.9,341.0,343.9,-2.27,21403,7373874.3
2022-05-18,352.8,352.9,339.0,351.9,1.71,20177,6952847.6
2022-05-17,355.0,361.0,344.0,346.0,-4.37,23496,8201853.7
2022-05-12,376.9,377.0,361.8,361.8,-2.22,32157,11852403.3
2022-05-11,362.2,372.0,351.0,370.0,4.2,38205,13904007.3
2022-05-10,351.0,358.5,350.1,355.1,1.17,13102,4643289.6
2022-05-09,350.0,357.9,343.0,351.0,-0.23,21951,7733589.8
2022-05-08,335.1,354.7,330.0,351.8,4.7,18090,6104617.3
2022-05-05,340.1,355.0,334.0,336.0,-2.61,24884,8448956.6
2022-05-04,348.0,357.0,343.0,345.0,-2.57,25108,8768103.2
2022-05-02,366.8,366.8,354.1,354.1,-3.54,36428,13019940.6
2022-04-28,374.0,380.0,367.0,367.1,-2.11,28800,10729148.5
2022-04-27,377.0,377.4,362.6,375.0,1.35,15901,5926719.1
2022-04-26,370.0,380.4,365.7,370.0,-0.64,13573,5045108.1
2022-04-25,386.0,391.7,370.5,372.4,-3.52,26476,10065109.7
2022-04-24,365.1,388.0,358.0,386.0,7.82,27501,10266609.4
2022-04-21,358.0,362.1,349.0,358.0,-0.78,18867,6681059.6
2022-04-20,365.0,375.0,360.2,360.8,-2.22,8551,3127349.8
2022-04-19,361.0,375.0,358.0,369.0,1.1,19787,7269101.9
2022-04-18,370.0,375.0,363.0,365.0,-2.93,31837,11681684.7
2022-04-17,382.0,386.0,374.0,376.0,-1.57,17963,6776968.1
2022-04-13,380.0,382.0,364.0,382.0,1.87,29571,11090673.8
2022-04-12,380.0,383.0,370.0,375.0,-1.29,29241,10908810.7
2022-04-11,390.0,396.9,378.0,379.9,-1.07,34116,13114737.4
2022-04-07,376.0,389.0,376.0,384.0,2.13,30165,11526579.2
2022-04-06,373.0,384.0,370.0,376.0,-0.27,29993,11327211.2
2022-04-05,381.0,382.0,371.0,377.0,-2.33,45917,17238444.2
2022-04-04,385.0,392.0,379.1,386.0,0.0,16899,6538005.3
2022-04-03,390.0,391.1,384.3,386.0,-1.53,14231,5493012.9
2022-03-31,405.0,408.0,392.0,392.0,-2.49,23508,9304956.5
2022-03-30,388.0,403.9,385.0,402.0,3.61,30832,12261621.9
2022-03-29,396.0,396.0,385.2,388.0,-0.51,20029,7783813.5
2022-03-28,390.0,402.0,387.3,390.0,-1.32,32309,12634889.5
2022-03-27,406.1,406.1,395.1,395.2,-2.68,54505,21701599.2
2022-03-24,410.0,415.0,406.0,406.1,-1.91,34620,14172075.1
2022-03-23,411.0,418.0,408.8,414.0,-0.7,48904,20134984.0
2022-03-22,420.0,424.0,413.0,416.9,0.94,77545,32389417.9
2022-03-21,405.0,413.1,391.4,413.0,3.87,46052,18696113.3
2022-03-20,405.0,405.0,397.0,397.6,-0.6,53400,21386865.4
2022-03-16,409.5,410.0,398.0,400.0,-0.99,45875,18415532.9
2022-03-15,408.0,410.0,395.0,404.0,-0.98,58316,23484293.0
2022-03-14,412.0,412.9,400.0,408.0,0.37,12759,5182643.4
2022-03-13,397.8,409.9,392.0,406.5,4.23,67835,27320991.8
2022-03-10,372.0,390.0,366.0,390.0,4.84,35457,13459479.7
2022-03-09,380.0,380.1,369.5,372.0,-2.05,34772,12945734.0
2022-03-07,375.0,384.0,375.0,379.8,0.74,27787,10537121.0
2022-03-06,373.0,387.0,373.0,377.0,1.07,37729,14245770.1
2022-03-02,386.0,390.0,372.1,373.0,-4.31,70750,26784602.9
2022-02-28,400.0,408.0,385.0,389.8,-0.81,33628,13191734.4
2022-02-27,390.0,403.0,390.0,393.0,-0.76,26339,10401194.0
2022-02-24,401.0,404.0,391.0,396.0,-1.54,63038,24975139.4
2022-02-23,400.3,410.0,400.3,402.2,-1.18,23515,9550539.8
2022-02-22,407.0,415.0,405.8,407.0,0.0,39439,16178375.5
2022-02-21,412.5,412.5,405.0,407.0,0.02,29596,12050032.2
2022-02-20,409.9,410.0,395.0,406.9,-1.48,57366,23194334.0
2022-02-17,408.0,423.0,407.8,413.0,-0.72,16933,7041675.0
2022-02-16,429.0,429.0,411.6,416.0,-1.54,27359,11435627.7
2022-02-15,411.0,423.0,410.0,422.5,3.3,27174,11262151.2
2022-02-14,415.0,422.0,407.0,409.0,0.25,48000,19715580.2
2022-02-13,420.0,420.0,403.9,408.0,-4.56,69757,28649103.1
2022-02-10,430.0,436.0,424.0,427.5,-0.58,45962,19641377.5
2022-02-09,427.3,440.1,427.3,430.0,-1.38,37244,16055275.6
2022-02-08,447.7,465.0,432.0,436.0,-0.68,65838,29141417.0
2022-02-07,428.0,443.0,427.3,439.0,0.69,22053,9699053.1
2022-02-06,439.0,447.0,435.3,436.0,-1.8,42340,18657169.6
2022-02-03,459.0,459.9,444.0,444.0,-1.51,84026,38052865.2
2022-02-01,434.9,450.8,434.9,450.8,1.76,76497,34111811.1
2022-01-31,458.0,458.0,442.1,443.0,-1.99,38319,17083759.5
2022-01-30,427.9,452.0,427.9,452.0,7.72,97877,43468790.1
2022-01-27,420.0,426.0,416.0,419.6,0.38,46372,19469942.2
2022-01-26,425.0,430.0,415.1,418.0,-2.34,61873,26061903.4
2022-01-25,430.0,443.0,420.0,428.0,-0.47,73775,31972756.0
2022-01-24,450.0,450.0,421.1,430.0,-4.44,144384,62730265.5
2022-01-23,464.2,471.0,446.0,450.0,-1.12,116580,53559022.2
2022-01-20,445.0,459.0,445.0,455.1,1.81,57600,26094525.1
2022-01-19,438.0,455.0,438.0,447.0,0.22,66911,29842051.4
2022-01-18,469.3,469.3,438.5,446.0,-3.06,62802,28390985.1
2022-01-17,468.9,468.9,455.1,460.1,-0.2,64939,29901009.8
2022-01-16,460.0,473.0,452.0,461.0,2.22,137692,64047551.6
2022-01-13,445.0,453.0,435.0,451.0,2.27,77734,34673845.5
2022-01-12,448.0,458.0,437.0,441.0,-2.65,114659,51053791.9
2022-01-11,434.0,463.0,433.1,453.0,2.93,114113,51131392.5
2022-01-10,435.0,443.0,425.0,440.1,1.9,142818,62351328.1
2022-01-09,413.0,437.5,410.0,431.9,6.64,120688,51828266.0
2022-01-06,385.0,405.0,385.0,405.0,3.32,68140,27272664.8
2022-01-05,403.0,410.0,390.0,392.0,-2.73,66714,26577909.8
2022-01-04,380.0,408.0,373.0,403.0,6.3,125800,49573648.7
2022-01-03,372.0,391.0,364.6,379.1,1.91,59045,22517436.8
2022-01-02,366.5,375.0,358.2,372.0,3.05,46505,17193012.5
2021-12-29,365.0,368.0,356.2,361.0,-0.28,25110,9063994.9
2021-12-28,349.1,364.0,348.5,362.0,1.91,34505,12237821.7
2021-12-27,377.0,378.0,355.2,355.2,-5.25,51223,18628879.1
2021-12-26,365.0,381.0,365.0,374.9,2.71,46940,17507870.4
2021-12-23,380.4,384.0,360.7,365.0,-2.14,71417,26769770.8
2021-12-22,355.0,375.0,353.1,373.0,6.88,79533,29100195.1
2021-12-21,344.0,349.9,338.2,349.0,3.25,22865,7898933.3
2021-12-20,354.0,354.0,338.0,338.0,-3.15,21631,7438918.9
2021-12-16,360.0,362.0,345.8,349.0,-4.12,39048,13772634.7
2021-12-15,372.0,382.5,358.0,364.0,-0.27,108837,40685042.9
2021-12-14,339.6,366.0,333.5,365.0,9.61,32047,11260506.7
2021-12-13,344.0,355.0,324.0,333.0,-5.13,82152,27511764.9
2021-12-12,370.0,375.0,345.0,351.0,-6.9,71188,25475975.1
2021-12-09,387.0,387.0,368.0,377.0,-1.31,36981,13961898.5
2021-12-08,392.0,395.0,379.0,382.0,-2.55,37138,14263655.9
2021-12-07,411.0,418.0,392.0,392.0,-2.73,85252,34666850.0
2021-12-06,396.7,406.0,375.0,403.0,3.6,90333,35204747.0
2021-12-05,405.0,409.2,386.0,389.0,-3.68,86201,33938754.5
2021-12-02,472.0,472.0,447.0,448.0,-4.88,125447,57024120.6
2021-12-01,472.7,480.0,464.0,471.0,1.62,46874,22080255.2
2021-11-30,469.2,471.2,450.0,463.5,0.76,94768,43330173.8
2021-11-29,474.0,489.0,454.0,460.0,-3.16,186178,86929319.0
2021-11-28,493.9,499.8,474.0,475.0,-5.74,142721,69078428.1
2021-11-25,520.0,520.0,501.0,503.9,-1.2,52168,26446217.3
2021-11-24,511.0,514.0,487.0,510.0,1.8,71286,35808042.4
2021-11-23,510.0,518.0,494.0,501.0,-2.53,105762,53013874.6
2021-11-22,520.0,523.9,512.1,514.0,-0.39,33822,17474714.8
2021-11-21,528.3,528.3,513.5,516.0,-0.39,46506,24041872.6
2021-11-18,520.0,535.0,510.0,518.0,-1.52,85506,44455285.0
2021-11-17,546.7,546.7,522.0,526.0,-1.87,127538,68345870.7
2021-11-16,537.0,544.0,530.0,536.0,0.21,152732,82032486.7
2021-11-15,522.0,537.0,516.0,534.9,4.47,212463,111823231.0
2021-11-14,500.0,515.0,495.0,512.0,2.4,138473,70410761.6
2021-11-11,507.0,515.0,497.0,500.0,-1.38,127402,63966341.1
2021-11-09,535.0,545.0,502.0,507.0,-5.76,247469,127965686.9
2021-11-08,548.7,563.0,537.0,538.0,0.0,115224,63373954.7
2021-11-03,545.0,553.0,534.0,538.0,0.56,185723,100895169.6
2021-11-02,514.0,543.0,506.0,535.0,4.09,167316,88453096.8
2021-11-01,530.0,545.0,512.1,514.0,-3.38,165911,87211342.0
2021-10-31,514.0,536.0,510.0,532.0,5.35,146805,76950108.6
2021-10-28,497.1,510.0,497.0,505.0,-0.2,57071,28760162.8
2021-10-27,515.0,520.0,490.0,506.0,-0.78,96576,49152528.3
2021-10-26,481.0,521.0,480.0,510.0,6.92,128458,64601124.1
2021-10-25,445.0,477.9,442.0,477.0,9.15,96986,45184127.8
2021-10-24,430.0,449.9,419.0,437.0,0.46,17024,7379673.6
2021-10-21,447.0,450.0,435.0,435.0,-2.68,22364,9814014.0
2021-10-20,436.5,454.1,435.0,447.0,4.44,29452,13113737.4
2021-10-19,440.0,447.0,414.0,428.0,-4.25,46289,19699518.0
2021-10-18,451.1,454.1,441.0,447.0,-2.83,31474,14033141.1
2021-10-17,459.9,468.1,452.0,460.0,0.22,8910,4071394.0
2021-10-11,452.0,460.0,440.0,459.0,0.66,41812,18781127.1
2021-10-10,481.5,485.0,452.0,456.0,-3.41,62627,29627757.1
2021-10-06,440.0,475.0,440.0,472.1,7.32,59707,27484731.4
2021-10-05,425.0,448.0,425.0,439.9,3.51,42953,18904208.3
2021-10-04,424.0,446.0,416.0,425.0,-1.41,72337,30892314.8
2021-10-03,460.0,460.0,425.4,431.1,-4.41,52631,23339810.4
2021-09-30,473.0,484.0,450.8,451.0,-4.65,51873,24004952.2
2021-09-29,460.0,490.0,445.0,473.0,3.96,80231,37161849.4
2021-09-28,474.0,485.9,450.0,455.0,-4.01,93132,42924760.6
2021-09-27,497.0,497.0,460.0,474.0,-3.85,82411,39086796.9
2021-09-26,516.0,525.0,490.0,493.0,-4.27,122777,61399335.3
2021-09-23,531.0,542.0,506.0,515.0,-1.15,119519,62574964.9
2021-09-22,483.4,521.4,483.4,521.0,9.92,188945,96515147.8
2021-09-21,461.0,500.0,442.0,474.0,0.85,144483,68331193.3
2021-09-20,494.9,510.0,463.0,470.0,-6.93,166573,80260783.7
2021-09-16,530.0,530.0,495.0,505.0,-3.99,189218,95574735.0
2021-09-15,545.0,545.0,525.0,526.0,-3.49,87146,46477007.4
2021-09-14,563.0,563.0,541.1,545.0,-1.62,60590,33152749.4
2021-09-13,555.0,572.0,545.0,554.0,0.91,130502,73324764.8
2021-09-12,534.0,550.0,525.0,549.0,4.77,112668,61202050.2
2021-09-09,525.0,535.5,520.0,524.0,0.0,65906,34733460.0
2021-09-08,543.0,543.0,522.0,524.0,-3.5,73254,38676749.5
2021-09-07,555.0,565.0,520.1,543.0,-0.28,156739,85844183.5
2021-09-06,485.1,544.5,475.0,544.5,10.0,194677,101849833.4
2021-09-05,535.1,535.1,490.5,495.0,-9.17,217226,109604195.7
2021-09-02,562.0,570.0,529.0,545.0,-3.2,139628,76606226.4
2021-09-01,575.0,582.4,561.0,563.0,-0.88,125898,71870398.1
2021-08-31,590.0,590.0,562.1,568.0,-3.73,174733,99831171.0
2021-08-29,596.0,610.9,584.0,590.0,0.34,252183,150484058.4
2021-08-26,563.0,600.0,560.6,588.0,4.44,230261,133683526.3
2021-08-25,562.6,590.0,555.1,563.0,-1.92,251717,143371574.1
2021-08-24,596.0,610.0,571.0,574.0,-5.59,330446,195251325.9
2021-08-19,637.5,650.2,603.0,608.0,-2.72,378656,234702277.6
2021-08-18,617.1,655.0,603.0,625.0,3.31,537931,341246581.3
2021-08-17,562.0,616.8,560.0,605.0,7.65,398918,234099926.4
2021-08-16,555.0,576.0,539.0,562.0,0.54,270844,152006563.6
2021-08-15,567.1,585.1,538.1,559.0,-3.39,604091,337478123.3
2021-08-12,536.5,578.6,530.0,578.6,10.0,860045,488305523.4
2021-08-11,539.0,555.0,517.0,526.0,-0.47,341735,181167901.5
2021-08-10,484.9,528.5,484.0,528.5,9.99,546780,281320116.4
2021-08-09,488.0,495.0,479.0,480.5,-1.54,107158,51769922.3
2021-08-08,490.0,498.0,484.0,488.0,0.83,183907,90217423.6
2021-08-05,475.5,498.0,469.0,484.0,2.98,332891,161656195.6
2021-08-04,471.0,473.7,462.0,470.0,0.86,87998,41044149.8
2021-08-03,465.0,470.0,460.0,466.0,0.43,61703,28600713.0
2021-08-02,480.0,480.0,463.5,464.0,-1.78,56770,26597187.5
2021-08-01,475.0,480.3,470.1,472.4,0.3,125303,59440041.4
2021-07-29,463.0,475.0,463.0,471.0,1.62,237078,111583646.8
2021-07-28,463.0,470.0,455.0,463.5,1.87,127473,59005452.5
2021-07-27,441.0,463.0,432.2,455.0,1.16,109539,49380919.6
2021-07-26,455.0,460.0,448.0,449.8,-1.51,86857,39309619.1
2021-07-25,464.0,464.0,452.2,456.7,-0.07,76812,35067383.2
2021-07-22,472.0,473.0,456.0,457.0,-1.51,74456,34332046.8
2021-07-20,468.2,472.0,460.0,464.0,-0.9,79699,37188576.3
2021-07-19,472.0,481.0,457.0,468.2,1.14,153016,71992416.6
2021-07-18,452.0,464.0,452.0,462.9,3.56,162894,74937661.8
2021-07-15,472.0,472.0,445.0,447.0,-0.67,52057,23312919.0
2021-07-14,457.0,457.0,443.0,450.0,0.22,39863,17940359.0
2021-07-13,440.0,457.0,434.0,449.0,1.58,86972,38956964.0
2021-07-12,461.0,469.0,432.0,442.0,-2.21,260103,116720749.0
2021-07-11,413.0,452.0,413.0,452.0,9.98,163126,71365219.0
2021-07-08,396.0,412.0,395.0,411.0,2.24,59024,24067366.0
2021-07-07,400.0,403.0,397.0,402.0,0.5,45127,18037999.0
2021-07-06,418.0,418.0,398.0,400.0,0.25,38848,15599993.0
2021-07-05,418.0,418.0,398.0,399.0,-3.16,55507,22331829.0
2021-07-04,416.0,426.0,410.0,412.0,-0.48,84429,35016451.0
2021-07-01,405.0,425.0,400.0,414.0,4.02,117893,48695437.0
2021-06-30,380.0,412.0,366.0,398.0,3.92,133675,50855162.0
2021-06-29,404.0,407.0,379.0,383.0,-4.73,142069,55105028.0
2021-06-28,415.0,415.0,401.0,402.0,-2.66,48028,19597010.0
2021-06-27,420.0,426.0,411.0,413.0,-1.2,71453,29739899.0
2021-06-24,425.0,429.0,416.0,418.0,-2.11,84275,35482443.0
2021-06-23,449.0,457.0,426.0,427.0,-4.04,102595,44755686.0
2021-06-22,425.0,445.0,404.0,445.0,5.95,157721,68151816.0
2021-06-21,440.0,448.0,416.0,420.0,-4.55,142932,60879754.0
2021-06-20,458.0,474.0,428.0,440.0,-2.44,129443,57322350.0
2021-06-17,442.0,466.0,424.0,451.0,2.5,185000,83368773.0
2021-06-16,437.0,473.0,422.0,440.0,-4.14,248997,110391862.0
2021-06-15,482.0,486.0,455.0,459.0,-4.38,244586,113486270.0
2021-06-14,505.0,510.0,472.0,480.0,-2.83,323222,158159487.0
2021-06-13,470.0,507.0,457.0,494.0,5.78,421499,205112387.0
2021-06-10,460.0,472.0,438.0,467.0,1.97,356616,161897826.0
2021-06-09,490.0,497.0,453.0,458.0,-6.15,352111,164491780.0
2021-06-08,466.0,488.0,448.0,488.0,9.91,461663,220678414.0
2021-06-07,426.0,444.0,417.0,444.0,5.21,448285,194653017.0
2021-06-06,442.0,442.0,392.0,422.0,0.24,340343,140175555.0
2021-06-03,395.0,429.0,391.0,421.0,7.95,635148,264998695.0
2021-06-02,369.0,392.0,360.0,390.0,7.73,323771,122788517.0
2021-06-01,359.0,375.0,348.0,362.0,0.84,190279,68502610.0
2021-05-31,380.0,390.0,355.0,359.0,-1.91,363733,134469683.0
2021-05-30,339.0,366.0,337.0,366.0,9.91,391672,139810532.0
2021-05-27,318.0,341.0,306.0,333.0,4.39,167514,55064920.0
2021-05-25,332.0,332.0,318.0,319.0,-2.45,108391,34855676.0
2021-05-24,340.0,344.0,321.0,327.0,-2.39,266101,87301898.0
2021-05-23,310.0,337.0,304.0,335.0,6.35,258954,84534553.0
2021-05-20,298.0,316.0,294.0,315.0,5.7,214211,65300872.0
2021-05-19,305.0,308.0,295.0,298.0,-1.65,124973,37461820.0
2021-05-18,304.0,306.0,300.0,303.0,0.33,113625,34335536.0
2021-05-17,305.0,311.0,299.0,302.0,1.68,205927,62431687.0
2021-05-16,280.0,298.0,280.0,297.0,7.22,313935,92274321.0
2021-05-13,272.0,277.0,272.0,277.0,1.09,67485,18600563.0
2021-05-12,272.0,274.0,271.0,274.0,0.0,20412,5572710.0
2021-05-11,275.0,275.0,272.0,274.0,0.74,28855,7886917.0
2021-05-10,284.0,284.0,267.0,272.0,0.37,27751,7501970.0
2021-05-09,270.0,275.0,269.0,271.0,1.5,59368,16128902.0
2021-05-06,269.0,270.0,266.0,267.0,-1.11,23182,6201075.0
2021-05-05,266.0,272.0,265.0,270.0,0.75,10875,2925032.0
2021-05-04,270.0,270.0,266.0,268.0,-0.74,15509,4169813.0
2021-05-03,274.0,275.0,267.0,270.0,-0.74,30171,8149517.0
2021-05-02,274.0,277.0,269.0,272.0,1.12,25890,7045174.0
2021-04-29,267.0,271.0,266.0,269.0,-0.37,41134,11070144.0
2021-04-28,276.0,276.0,260.0,270.0,-1.82,18198,4917322.0
2021-04-27,269.0,277.0,264.0,275.0,2.23,23952,6531078.0
2021-04-26,269.0,270.0,261.0,269.0,-1.82,33207,8857548.0
2021-04-25,284.0,284.0,274.0,274.0,-3.18,67167,18597978.0
2021-04-22,281.0,284.0,278.0,283.0,0.71,48778,13728401.0
2021-04-21,289.0,289.0,280.0,281.0,-2.77,47216,13355543.0
2021-04-20,283.0,289.0,282.0,289.0,1.4,56918,16253796.0
2021-04-19,273.0,291.0,273.0,285.0,-0.35,61812,17720270.0
2021-04-18,295.0,295.0,284.0,286.0,-2.39,110160,31816287.0
2021-04-15,300.0,300.0,283.0,293.0,2.45,129653,37817683.0
2021-04-13,275.0,290.0,273.0,286.0,4.0,119387,33537619.0
2021-04-12,278.0,278.0,272.0,275.0,0.73,34235,9366721.0
2021-04-08,270.0,275.0,270.0,273.0,1.11,41497,11332746.0
2021-04-07,271.0,275.0,270.0,270.0,0.0,39666,10766813.0
2021-04-06,265.0,270.0,264.0,270.0,0.37,34402,9183140.0
2021-04-05,273.0,273.0,266.0,269.0,0.0,29900,8014346.0
2021-04-04,267.0,270.0,265.0,269.0,0.75,22759,6091881.0
2021-04-01,266.0,276.0,265.0,267.0,0.38,62158,16752249.0
2021-03-31,265.0,266.0,261.0,266.0,1.14,23389,6165986.0
2021-03-30,274.0,274.0,258.0,263.0,0.77,22753,5937624.0
2021-03-29,261.0,262.0,257.0,261.0,0.0,10622,2763102.0
2021-03-25,267.0,267.0,260.0,261.0,-1.14,21416,5597485.0
2021-03-24,265.0,266.0,261.0,264.0,0.76,28455,7501508.0
2021-03-23,265.0,265.0,257.0,262.0,0.38,12114,3148481.0
2021-03-22,276.0,276.0,260.0,261.0,-0.76,10290,2686957.0
2021-03-21,263.0,265.0,260.0,263.0,1.54,15560,4080124.0
2021-03-18,262.0,262.0,255.0,259.0,0.39,12954,3351301.0
2021-03-17,259.0,259.0,252.0,258.0,1.18,12394,3158752.0
2021-03-16,253.0,260.0,253.0,255.0,0.39,10959,2801841.0
2021-03-15,251.0,257.0,251.0,254.0,-0.39,10204,2589178.0
2021-03-14,255.0,258.0,253.0,255.0,-1.16,25336,6452795.0
2021-03-10,258.0,263.0,256.0,258.0,-0.39,11493,2979390.0
2021-03-09,258.0,261.0,258.0,259.0,-1.15,14970,3879451.0
2021-03-07,268.0,270.0,261.0,262.0,-1.13,12619,3317854.0
2021-03-04,260.0,266.0,258.0,265.0,1.92,24210,6371624.0
2021-03-03,259.0,263.0,257.0,260.0,-1.14,25589,6642500.0
2021-03-02,270.0,271.0,262.0,263.0,-2.23,22218,5895548.0
2021-03-01,264.0,271.0,262.0,269.0,1.51,31203,8350312.0
2021-02-28,266.0,273.0,263.0,265.0,-2.21,26684,7099824.0
2021-02-25,274.0,278.0,270.0,271.0,-1.09,41392,11241926.0
2021-02-24,270.0,284.0,270.0,274.0,0.37,35882,9854691.0
2021-02-23,284.0,284.0,268.0,273.0,-2.15,68406,18598784.0
2021-02-22,289.0,289.0,278.0,279.0,-2.11,81582,22849275.0
2021-02-21,282.0,285.0,278.0,285.0,2.52,97817,27620670.0
2021-02-18,278.0,281.0,276.0,278.0,1.46,101844,28405761.0
2021-02-17,275.0,277.0,272.0,274.0,-1.08,57010,15633200.0
2021-02-16,291.0,291.0,273.0,277.0,-0.36,82075,22801729.0
2021-02-15,275.0,280.0,270.0,278.0,1.46,134583,37084725.0
2021-02-14,286.0,286.0,266.0,274.0,0.37,66381,17978053.0
2021-02-11,269.0,284.0,262.0,273.0,3.02,134192,36351251.0
2021-02-10,260.0,265.0,258.0,265.0,0.0,52630,13765290.0
2021-02-09,270.0,272.0,261.0,265.0,0.0,45467,12049353.0
2021-02-08,260.0,269.0,256.0,265.0,3.92,89914,23552255.0
2021-02-07,255.0,260.0,254.0,255.0,-0.39,54545,13921005.0
2021-02-04,268.0,268.0,252.0,256.0,0.0,47126,12037798.0
2021-02-03,262.0,265.0,255.0,256.0,-0.78,47528,12240816.0
2021-02-02,259.0,262.0,255.0,258.0,0.78,42922,11092973.0
2021-02-01,260.0,266.0,255.0,256.0,0.0,39260,10085149.0
2021-01-31,255.0,264.0,255.0,256.0,-1.54,34623,8934987.0
2021-01-28,271.0,271.0,258.0,260.0,-2.62,55658,14579463.0
2021-01-27,270.0,270.0,266.0,267.0,0.0,24686,6604617.0
2021-01-26,273.0,276.0,265.0,267.0,-0.37,51033,13704948.0
2021-01-25,279.0,284.0,266.0,268.0,-2.19,71408,19348978.0
2021-01-24,271.0,284.0,271.0,274.0,1.11,50177,13868240.0
2021-01-21,260.0,282.0,260.0,271.0,2.26,52767,14328192.0
2021-01-20,262.0,277.0,258.0,265.0,0.0,41239,10893435.0
2021-01-19,278.0,278.0,264.0,265.0,-2.93,37781,10119127.0
2021-01-18,284.0,286.0,272.0,273.0,-0.73,102345,28529777.0
2021-01-17,259.0,277.0,259.0,275.0,7.42,118782,31882972.0
2021-01-13,254.0,261.0,254.0,256.0,0.79,41769,10771545.0
2021-01-12,249.0,254.0,245.0,254.0,1.6,33550,8435309.0
2021-01-11,252.0,256.0,247.0,250.0,0.81,41563,10385683.0
2021-01-10,244.0,249.0,240.0,248.0,3.33,47146,11554145.0
2021-01-07,240.0,242.0,238.0,240.0,0.42,25805,6213367.0
2021-01-06,243.0,244.0,238.0,239.0,-0.83,12164,2922559.0
2021-01-05,236.0,244.0,235.0,241.0,0.84,20968,5045221.0
2021-01-04,248.0,248.0,236.0,239.0,0.84,29318,6997500.0
2021-01-03,236.0,240.0,235.0,237.0,1.28,16802,3993724.0
2020-12-31,235.0,238.0,232.0,234.0,-0.43,28304,6628697.0
2020-12-30,269.0,269.0,264.0,266.0,0.38,66030,17546488.0
2020-12-29,267.0,268.0,262.0,265.0,-0.75,29097,7716630.0
2020-12-28,271.0,271.0,267.0,267.0,-0.74,24529,6582796.0
2020-12-27,270.0,272.0,268.0,269.0,0.37,35464,9550982.0
2020-12-24,270.0,274.0,268.0,268.0,-0.74,45069,12161680.0
2020-12-23,273.0,276.0,267.0,270.0,0.37,21671,5862221.0
2020-12-22,266.0,270.0,266.0,269.0,1.51,44851,12052987.0
2020-12-21,264.0,267.0,254.0,265.0,0.38,48508,12678215.0
2020-12-20,270.0,279.0,260.0,264.0,-2.58,94716,25587237.0
2020-12-17,277.0,279.0,271.0,271.0,-0.37,54530,14968780.0
2020-12-16,264.0,278.0,261.0,272.0,2.26,101198,27603315.0
2020-12-15,272.0,275.0,265.0,266.0,-1.48,41491,11207979.0
2020-12-14,264.0,270.0,262.0,270.0,3.05,45919,12262216.0
2020-12-13,256.0,262.0,256.0,262.0,1.95,26905,6965813.0
2020-12-10,251.0,258.0,251.0,257.0,1.58,23783,6065937.0
2020-12-09,257.0,259.0,251.0,253.0,-1.56,30915,7858084.0
2020-12-08,261.0,267.0,257.0,257.0,0.39,32709,8494374.0
2020-12-07,251.0,260.0,243.0,256.0,1.99,40002,10156402.0
2020-12-06,261.0,262.0,251.0,251.0,-3.83,30294,7809989.0
2020-12-03,265.0,268.0,261.0,261.0,-1.14,34072,8949494.0
2020-12-02,260.0,275.0,260.0,264.0,0.76,48714,12820072.0
2020-12-01,270.0,275.0,262.0,262.0,-4.03,49704,13170406.0
2020-11-30,291.0,291.0,268.0,273.0,-1.8,74766,20498860.0
2020-11-29,263.0,284.0,262.0,278.0,7.34,109765,29961672.0
2020-11-26,273.0,273.0,256.0,259.0,-0.38,49906,12981826.0
2020-11-25,263.0,263.0,256.0,260.0,0.78,29679,7660930.0
2020-11-24,259.0,260.0,254.0,258.0,1.18,28442,7266647.0
2020-11-23,255.0,259.0,253.0,255.0,0.0,33732,8619524.0
2020-11-22,264.0,269.0,253.0,255.0,-1.54,54446,14083056.0
2020-11-19,260.0,262.0,256.0,259.0,-0.38,52714,13682998.0
2020-11-18,267.0,268.0,257.0,260.0,-2.62,63424,16554647.0
2020-11-12,271.0,271.0,265.0,267.0,0.38,32051,8530380.0
2020-11-11,271.0,271.0,266.0,266.0,0.0,28283,7542533.0
2020-11-10,271.0,271.0,266.0,266.0,0.0,21577,5772705.0
2020-11-09,266.0,270.0,266.0,266.0,-1.12,26139,6984199.0
2020-11-08,270.0,270.0,267.0,269.0,-0.37,22036,5924161.0
2020-11-05,274.0,274.0,267.0,270.0,0.0,12137,3259470.0
2020-11-04,270.0,271.0,269.0,270.0,0.0,12465,3363285.0
2020-11-03,273.0,274.0,269.0,270.0,-1.1,21491,5800662.0
2020-11-02,264.0,279.0,264.0,273.0,-1.44,31138,8423720.0
2020-11-01,280.0,281.0,274.0,277.0,0.36,29407,8123643.0
2020-10-29,280.0,288.0,275.0,276.0,0.36,49477,13822015.0
2020-10-28,270.0,276.0,267.0,275.0,3.38,29739,8090700.0
2020-10-22,272.0,272.0,266.0,266.0,-0.37,23434,6271416.0
2020-10-21,265.0,267.0,263.0,267.0,1.91,17300,4598131.0
2020-10-20,264.0,264.0,261.0,262.0,0.38,8217,2152343.0
2020-10-19,263.0,264.0,259.0,261.0,0.0,10601,2764837.0
2020-10-18,267.0,267.0,260.0,261.0,-0.76,13358,3511228.0
2020-10-15,265.0,266.0,261.0,263.0,0.38,32966,8705322.0
2020-10-14,266.0,271.0,261.0,262.0,-1.13,24920,6564834.0
2020-10-13,272.0,276.0,264.0,265.0,-0.75,89652,24244928.0
2020-10-12,277.0,277.0,257.0,267.0,1.14,51091,13580081.0
2020-10-11,268.0,271.0,263.0,264.0,-0.75,42749,11408053.0
2020-10-08,268.0,273.0,265.0,266.0,1.14,66060,17701497.0
2020-10-07,258.0,263.0,257.0,263.0,1.94,59771,15571345.0
2020-10-06,261.0,265.0,258.0,258.0,0.78,28992,7514839.0
2020-10-05,262.0,263.0,253.0,256.0,-0.78,54962,14152935.0
2020-10-04,256.0,267.0,256.0,258.0,2.79,71125,18487912.0
2020-10-01,253.0,253.0,248.0,251.0,0.8,44998,11291293.0
2020-09-30,246.0,255.0,242.0,249.0,1.22,37497,9269329.0
2020-09-29,247.0,250.0,245.0,246.0,-0.4,17905,4395996.0
2020-09-28,249.0,250.0,244.0,247.0,-0.4,18560,4566127.0
2020-09-27,236.0,252.0,236.0,248.0,0.0,36311,9046428.0
2020-09-24,255.0,255.0,245.0,248.0,-0.8,14655,3620876.0
2020-09-23,245.0,250.0,239.0,250.0,2.46,44818,10892543.0
2020-09-22,250.0,250.0,239.0,244.0,-2.4,45332,11023892.0
2020-09-21,254.0,254.0,248.0,250.0,-0.79,65299,16398858.0
2020-09-20,258.0,263.0,249.0,252.0,2.44,88949,22439646.0
2020-09-17,240.0,250.0,238.0,246.0,2.07,70146,17124749.0
2020-09-16,238.0,242.0,237.0,241.0,0.84,22917,5474638.0
2020-09-15,243.0,244.0,238.0,239.0,-1.65,26891,6484323.0
2020-09-14,236.0,246.0,236.0,243.0,2.1,37736,9172355.0
2020-09-13,249.0,249.0,235.0,238.0,0.0,31440,7467269.0
2020-09-10,233.0,243.0,233.0,238.0,1.28,12827,3041979.0
2020-09-09,234.0,236.0,234.0,235.0,0.86,14586,3423985.0
2020-09-08,232.0,236.0,232.0,233.0,0.0,15813,3704695.0
2020-09-07,237.0,238.0,233.0,233.0,-2.1,17965,4231708.0
2020-09-06,245.0,253.0,237.0,238.0,-1.24,28784,6960577.0
2020-09-03,240.0,243.0,239.0,241.0,0.84,17307,4159132.0
2020-09-02,242.0,245.0,238.0,239.0,0.42,10867,2608204.0
2020-08-31,232.0,241.0,232.0,238.0,3.03,10768,2559202.0
2020-08-30,237.0,237.0,231.0,231.0,-1.7,24129,5613387.0
2020-08-27,245.0,247.0,231.0,235.0,-2.49,32774,7750976.0
2020-08-26,239.0,243.0,237.0,241.0,0.84,14471,3472373.0
2020-08-25,241.0,245.0,238.0,239.0,0.84,11276,2709833.0
2020-08-24,237.0,240.0,235.0,237.0,1.72,8237,1961611.0
2020-08-23,234.0,235.0,232.0,233.0,-0.43,8935,2080288.0
2020-08-20,234.0,237.0,231.0,234.0,1.74,7131,1669410.0
2020-08-19,232.0,234.0,224.0,230.0,-1.71,4287,990886.0
2020-08-18,236.0,236.0,233.0,234.0,-0.85,9177,2157726.0
2020-08-17,235.0,236.0,233.0,236.0,1.72,3063,721160.0
2020-08-16,234.0,235.0,230.0,232.0,-1.28,9957,2304752.0
2020-08-13,235.0,238.0,234.0,235.0,-1.67,6983,1642345.0
2020-08-12,234.0,244.0,232.0,239.0,1.27,4771,1122629.0
2020-08-11,240.0,242.0,236.0,236.0,-1.67,6645,1591248.0
2020-08-10,230.0,240.0,230.0,240.0,4.35,16340,3827117.0
2020-08-09,231.0,231.0,227.0,230.0,-0.43,12105,2785043.0
2020-08-06,231.0,232.0,227.0,231.0,0.0,8621,1982583.0
2020-08-05,232.0,236.0,224.0,231.0,-2.12,8747,2022554.0
2020-08-03,233.0,239.0,231.0,236.0,0.43,6394,1498099.0
2020-08-02,255.0,255.0,230.0,235.0,-3.29,35953,8491797.0
2020-07-30,255.0,255.0,240.0,243.0,0.0,16180,3909937.0
2020-07-29,243.0,245.0,240.0,243.0,-1.22,8926,2156664.0
2020-07-28,246.0,247.0,243.0,246.0,-1.2,5997,1466830.0
2020-07-27,250.0,253.0,248.0,249.0,1.22,14487,3619207.0
2020-07-26,239.0,247.0,239.0,246.0,1.23,13125,3229170.0
2020-07-23,245.0,245.0,241.0,243.0,0.41,18398,4468267.0
2020-07-22,246.0,250.0,242.0,242.0,-2.42,34875,8579021.0
2020-07-21,248.0,252.0,244.0,248.0,-0.8,53589,13390544.0
2020-07-20,259.0,269.0,247.0,250.0,1.21,44649,11245717.0
2020-07-19,239.0,247.0,239.0,247.0,5.11,70,17010.0
2020-07-16,224.0,235.0,224.0,235.0,5.86,31102,7096806.0
2020-07-15,224.0,228.0,220.0,222.0,0.91,34858,7759773.0
2020-07-14,218.0,224.0,217.0,220.0,0.0,16653,3668493.0
2020-07-13,220.0,224.0,218.0,220.0,1.85,19052,4191178.0
2020-07-12,217.0,221.0,215.0,216.0,0.0,20539,4461732.0
2020-07-09,216.0,220.0,215.0,216.0,0.0,15690,3399496.0
2020-07-08,222.0,222.0,213.0,216.0,-0.92,21104,4563930.0
2020-07-07,221.0,221.0,215.0,218.0,0.46,25610,5580536.0
2020-07-06,207.0,217.0,207.0,217.0,2.84,11181,2378853.0
2020-07-05,215.0,215.0,209.0,211.0,-1.4,18031,3808285.0
2020-07-02,234.0,234.0,214.0,214.0,-6.96,2058,464644.0
2020-07-01,224.0,230.0,224.0,230.0,4.55,3403,771964.0
2020-06-30,213.0,220.0,213.0,220.0,4.76,852,183676.0
2020-06-29,218.0,218.0,214.0,210.0,-3.04,5634,1197512.0
2020-03-22,256.0,256.0,255.0,255.0,-1.92,1770,451850.0
2020-03-19,260.0,269.0,246.0,260.0,-1.89,39462,10081021.0
2020-03-18,259.0,268.0,245.0,265.0,0.38,37654,9531498.0
2020-03-17,277.0,279.0,261.0,264.0,-6.05,108819,29030520.0
2020-03-16,276.0,287.0,276.0,281.0,0.0,21282,6007668.0
2020-03-15,295.0,298.0,276.0,281.0,-4.1,46123,13164536.0
2020-03-12,303.0,303.0,292.0,293.0,-3.93,45972,13579346.0
2020-03-11,296.0,305.0,287.0,305.0,4.81,42446,12630265.0
2020-03-10,300.0,300.0,289.0,291.0,-4.59,13033,3822448.0
2020-03-05,294.0,310.0,289.0,305.0,2.01,35334,10620727.0
2020-03-04,311.0,311.0,299.0,299.0,-5.38,46769,14319955.0
2020-03-03,301.0,318.0,285.0,316.0,2.93,69272,21340876.0
2020-03-02,327.0,328.0,307.0,307.0,-6.12,30896,9834681.0
2020-03-01,335.0,337.0,324.0,327.0,-1.51,78435,25833292.0
2020-02-27,321.0,332.0,316.0,332.0,1.53,96039,31227044.0
2020-02-26,320.0,329.0,315.0,327.0,4.14,113976,36910000.0
2020-02-25,300.0,316.0,300.0,314.0,4.32,81325,25273712.0
2020-02-24,310.0,317.0,301.0,301.0,-1.31,77764,23919708.0
2020-02-23,305.0,309.0,301.0,305.0,0.99,94981,28968156.0
2020-02-20,300.0,302.0,295.0,302.0,1.68,48092,14349371.0
2020-02-19,304.0,307.0,292.0,297.0,-0.67,62577,18703310.0
2020-02-18,284.0,304.0,279.0,299.0,7.17,225263,66171572.0
2020-02-17,283.0,283.0,278.0,279.0,0.0,38838,10892454.0
2020-02-16,277.0,282.0,277.0,279.0,0.72,28124,7825995.0
2020-02-13,278.0,280.0,277.0,277.0,-0.36,14643,4069176.0
2020-02-12,281.0,283.0,274.0,278.0,-0.36,40515,11200493.0
2020-02-11,280.0,281.0,278.0,279.0,1.09,21000,5871549.0
2020-02-10,280.0,280.0,276.0,276.0,-0.72,9973,2769998.0
2020-02-09,278.0,281.0,275.0,278.0,-0.71,13696,3797094.0
2020-02-06,284.0,289.0,276.0,280.0,0.36,66678,18747512.0
2020-02-05,282.0,283.0,275.0,279.0,-1.06,29355,8199695.0
2020-02-04,278.0,295.0,278.0,282.0,2.55,106854,30195252.0
2020-02-03,265.0,277.0,264.0,275.0,4.96,97378,26394660.0
2020-02-02,260.0,264.0,258.0,262.0,1.16,15989,4177728.0
2020-01-30,262.0,262.0,254.0,259.0,0.78,14173,3649640.0
2020-01-29,256.0,259.0,255.0,257.0,-1.15,4475,1150481.0
2020-01-28,258.0,261.0,257.0,260.0,0.39,16689,4312654.0
2020-01-27,253.0,259.0,253.0,259.0,1.17,9582,2453127.0
2020-01-26,251.0,256.0,250.0,256.0,0.39,19500,4923038.0
2020-01-23,258.0,260.0,254.0,255.0,-1.92,20189,5171274.0
2020-01-22,262.0,264.0,259.0,260.0,-1.52,18334,4787172.0
2020-01-21,263.0,273.0,260.0,264.0,0.76,19952,5253912.0
2020-01-20,274.0,274.0,261.0,262.0,-2.6,31028,8289778.0
2020-01-19,264.0,269.0,260.0,269.0,1.89,39002,10311886.0
2020-01-16,263.0,267.0,261.0,264.0,2.33,16034,4226779.0
2020-01-15,258.0,262.0,256.0,258.0,0.78,7935,2048822.0
2020-01-14,256.0,259.0,252.0,256.0,0.39,15907,4068028.0
2020-01-13,258.0,266.0,248.0,255.0,0.39,50191,12898368.0
2020-01-12,248.0,256.0,248.0,254.0,1.6,24856,6302860.0
2020-01-09,241.0,251.0,237.0,250.0,3.73,44538,10823292.0
2020-01-08,239.0,241.0,235.0,241.0,1.26,20747,4943534.0
2020-01-07,236.0,239.0,236.0,238.0,1.28,19351,4610184.0
2020-01-06,238.0,238.0,233.0,235.0,-0.84,13288,3129716.0
2020-01-05,232.0,237.0,231.0,237.0,2.6,12450,2921035.0
2020-01-02,235.0,235.0,231.0,231.0,-2.12,12907,3000214.0
2020-01-01,230.0,240.0,230.0,236.0,0.85,3288,771699.0
2019-12-31,235.0,235.0,232.0,234.0,1.3,2016,468614.0
2019-12-30,235.0,235.0,230.0,231.0,-1.28,4638,1071484.0
2019-12-29,232.0,234.0,231.0,234.0,0.0,6187,1438980.0
2019-12-26,230.0,234.0,230.0,234.0,0.86,10045,2332040.0
2019-12-25,230.0,232.0,230.0,232.0,0.87,12733,2948633.0
2019-12-24,232.0,254.76,230.0,230.0,-1.71,25217,6037350.0
2019-12-23,232.0,235.0,231.0,234.0,0.86,5076,1184572.0
2019-12-22,233.0,234.0,229.0,232.0,-1.28,20846,4803236.0
2019-12-19,236.0,238.0,235.0,235.0,-1.67,15376,3627405.0
2019-12-18,241.0,241.0,236.0,239.0,0.84,12271,2924293.0
2019-12-17,235.0,238.0,232.0,237.0,0.85,13021,3066620.0
2019-12-16,237.0,238.0,232.0,235.0,-0.42,23895,5626885.0
2019-12-15,234.0,243.0,234.0,236.0,2.61,25575,6104984.0
2019-12-12,229.0,230.0,226.0,230.0,1.77,20386,4634140.0
2019-12-11,226.0,229.0,224.0,226.0,-0.44,13542,3071019.0
2019-12-10,228.0,228.0,226.0,227.0,-0.44,14483,3280741.0
2019-12-09,226.0,228.0,226.0,228.0,0.44,13286,3022010.0
2019-12-08,230.0,230.0,226.0,227.0,-0.87,14894,3382079.0
2019-12-05,228.0,229.0,227.0,229.0,1.33,9870,2250125.0
2019-12-04,224.0,229.0,224.0,226.0,1.35,15430,3495228.0
2019-12-03,223.0,227.0,219.0,223.0,-1.76,21403,4809353.0
2019-12-02,240.0,242.0,227.0,227.0,-5.81,12123,2783203.0
2019-12-01,243.0,246.0,241.0,241.0,-1.63,1180,286870.0
2019-11-28,248.0,250.0,245.0,245.0,-1.21,1928,473985.0
2019-11-26,245.0,248.0,244.0,248.0,0.4,320,78210.0
2019-11-25,247.0,247.0,247.0,247.0,-0.4,35,8645.0
2019-11-24,250.0,252.0,243.0,248.0,-1.2,5851,1459271.0
2019-11-21,255.0,255.0,251.0,251.0,-1.57,300,76100.0
2019-11-20,257.0,257.0,255.0,255.0,0.0,219,55883.0
2019-11-19,247.0,255.0,247.0,255.0,1.19,399,99041.0
2019-11-18,252.0,252.0,252.0,252.0,1.61,130,32760.0
2019-11-17,250.0,250.0,247.0,248.0,-1.98,4523,1124549.0
2019-11-14,253.0,253.0,253.0,253.0,-0.39,111,28083.0
2019-11-13,255.0,255.0,254.0,254.0,0.0,3331,846574.0
2019-11-12,254.0,254.0,254.0,254.0,-0.78,43,10922.0
2019-11-11,255.0,258.0,255.0,256.0,0.39,3813,973660.0
2019-11-10,255.0,255.0,253.0,255.0,0.39,2698,686394.0
2019-11-07,254.0,255.0,254.0,254.0,0.0,2845,722730.0
2019-11-06,255.0,255.0,254.0,254.0,0.4,390,99160.0
2019-11-05,255.0,255.0,253.0,253.0,0.0,8912,2256956.0
2019-11-04,250.0,255.0,250.0,253.0,-0.78,615,155915.0
2019-11-03,255.0,255.0,255.0,255.0,0.0,164,41820.0
2019-10-31,255.0,260.0,255.0,255.0,0.0,1151,295413.0
2019-10-24,254.0,255.0,249.0,255.0,0.39,882,223648.0
2019-10-23,253.0,255.0,253.0,254.0,0.4,3587,908115.0
2019-10-22,252.0,253.0,252.0,253.0,0.4,11509,2900858.0
2019-10-21,251.0,252.0,251.0,252.0,0.0,2121,534248.0
2019-10-20,252.0,252.0,251.0,252.0,-0.4,1249,314207.0
2019-10-17,252.0,253.0,252.0,253.0,-0.39,1250,315250.0
2019-10-16,252.0,257.0,252.0,254.0,0.79,868,220915.0
2019-10-15,255.0,255.0,251.0,252.0,0.0,4627,1168796.0
2019-10-14,252.0,254.0,250.0,252.0,1.61,827,208458.0
2019-10-10,248.0,248.0,248.0,248.0,0.0,200,49600.0
2019-10-03,248.0,248.0,248.0,248.0,1.64,204,50592.0
2019-10-01,244.0,244.0,244.0,244.0,0.0,62,15128.0
2019-09-30,246.0,246.0,244.0,244.0,-0.81,285,69990.0
2019-09-29,246.0,246.0,245.0,246.0,0.0,1245,306190.0
2019-09-26,246.0,246.0,246.0,246.0,0.0,69,16974.0
2019-09-25,245.0,246.0,245.0,246.0,0.0,228,56050.0
2019-09-24,248.0,250.0,246.0,246.0,-2.77,341,84486.0
2019-09-23,245.0,253.0,243.0,253.0,3.27,1144,280438.0
2019-09-22,248.0,248.0,245.0,245.0,-2.78,1322,326050.0
2019-09-19,255.0,255.0,252.0,252.0,-0.4,182,45939.0
2019-09-18,258.0,258.0,253.0,253.0,-1.94,840,212570.0
2019-09-17,251.0,258.0,251.0,258.0,3.61,1237,314522.0
2019-09-15,251.0,253.0,249.0,249.0,-1.19,10588,2658193.0
2019-09-12,253.0,253.0,251.0,252.0,-0.4,5118,1289338.0
2019-09-11,253.0,253.0,253.0,253.0,0.0,101,25550.0
2019-09-10,252.0,253.0,252.0,253.0,0.4,4778,1205574.0
2019-09-09,250.0,252.0,250.0,252.0,0.4,1578,397500.0
2019-09-08,252.0,255.0,250.0,251.0,-1.57,1642,415359.0
2019-09-05,255.0,256.0,255.0,255.0,-0.78,5983,1530624.0
2019-09-04,256.0,257.0,254.0,257.0,0.78,18764,4775090.0
2019-09-03,246.0,255.0,246.0,255.0,3.66,481,118550.0
2019-09-02,242.0,247.0,242.0,246.0,0.0,2030,496800.0
2019-09-01,246.0,246.0,246.0,246.0,-0.4,300,73800.0
2019-08-29,245.0,249.0,245.0,247.0,1.65,2754,681826.0
2019-08-28,245.0,245.0,243.0,243.0,-0.82,800,195400.0
2019-08-27,246.0,246.0,245.0,245.0,1.24,250,61430.0
2019-08-26,245.0,245.0,242.0,242.0,-1.22,4509,1102753.0
2019-08-25,247.0,250.0,245.0,245.0,-1.21,1418,347909.0
2019-08-22,251.0,251.0,248.0,248.0,0.4,2499,619842.0
2019-08-21,245.0,249.0,245.0,247.0,0.82,486,120288.0
2019-08-20,250.0,250.0,245.0,245.0,-2.78,201,50070.0
2019-08-19,250.0,253.0,250.0,252.0,0.4,2122,534665.0
2019-08-18,255.0,255.0,250.0,251.0,-1.18,1015,255838.0
2019-08-15,255.0,255.0,254.0,254.0,0.4,133,33884.0
2019-08-14,249.0,253.0,249.0,253.0,0.4,236,58804.0
2019-08-13,254.0,254.0,252.0,252.0,-1.18,150,37952.0
2019-08-12,255.0,255.0,253.0,255.0,0.39,9098,2312066.0
2019-08-11,254.0,256.0,254.0,254.0,0.0,4579,1166866.0
2019-08-08,253.0,254.0,253.0,254.0,0.0,2917,739168.0
2019-08-07,250.0,255.0,250.0,254.0,0.0,6496,1647269.0
2019-08-06,250.0,256.0,250.0,254.0,0.0,14068,3573122.0
2019-08-05,254.0,254.0,254.0,254.0,0.0,10,2540.0
2019-08-04,253.0,255.0,253.0,254.0,0.4,2307,584996.0
2019-07-31,253.0,253.0,253.0,253.0,0.8,200,50600.0
2019-07-30,251.0,253.0,250.0,251.0,0.0,1627,409675.0
2019-07-29,252.0,252.0,250.0,251.0,1.21,310,77680.0
2019-07-28,253.0,253.0,248.0,248.0,-1.2,1158,289924.0
2019-07-25,251.0,251.0,249.0,251.0,-1.95,2279,571160.0
2019-07-24,258.0,258.0,256.0,256.0,1.19,910,233930.0
2019-07-23,253.0,253.0,253.0,253.0,1.2,195,49335.0
2019-07-22,251.0,252.0,250.0,250.0,1.21,908,228216.0
2019-07-21,251.0,251.0,247.0,247.0,-1.98,938,233812.0
2019-07-18,249.0,253.0,249.0,252.0,1.2,6321,1582170.0
2019-07-17,252.0,252.0,249.0,249.0,-1.19,2904,725543.0
2019-07-16,264.0,264.0,252.0,252.0,0.0,331,83965.0
2019-07-15,247.0,252.0,247.0,252.0,1.2,3431,859003.0
2019-07-14,252.0,253.0,249.0,249.0,-0.8,7315,1840427.0
2019-07-11,251.0,252.0,249.0,251.0,0.0,12160,3046205.0
2019-07-10,253.0,253.0,250.0,251.0,-0.79,436,109450.0
2019-07-09,250.0,253.0,248.0,253.0,0.4,907,228470.0
2019-07-08,250.0,252.0,249.0,252.0,-0.79,2000,501700.0
2019-07-07,250.0,254.0,250.0,254.0,0.0,3066,774190.0
2019-07-04,255.0,256.0,253.0,254.0,-0.39,8887,2267391.0
2019-07-03,255.0,256.0,253.0,255.0,0.79,9853,2505573.0
2019-07-02,251.0,255.0,251.0,253.0,2.02,3263,828711.0
2019-07-01,249.0,251.0,248.0,248.0,-1.2,423,105892.0
2019-06-30,258.0,258.0,251.0,251.0,-3.09,1106,279531.0
2019-06-27,252.0,259.0,252.0,259.0,1.97,5548,1425003.0
2019-06-26,255.0,255.0,252.0,254.0,-0.39,4858,1229429.0
2019-06-25,250.0,256.0,250.0,255.0,1.19,6658,1693223.0
2019-06-24,252.0,255.0,251.0,252.0,-0.4,7379,1862118.0
2019-06-23,256.0,256.0,253.0,253.0,-3.07,3596,913794.0
2019-06-20,247.0,261.0,247.0,261.0,4.82,1868,470466.0
2019-06-19,250.0,252.0,249.0,249.0,-1.58,1063,265575.0
2019-06-18,247.0,253.0,247.0,253.0,2.02,3740,935007.0
2019-06-17,250.0,252.0,248.0,248.0,-2.75,1157,289388.0
2019-06-16,255.0,255.0,250.0,255.0,-1.92,4043,1026300.0
2019-06-13,252.0,260.0,250.0,260.0,1.96,4927,1235511.0
2019-06-12,254.0,255.0,253.0,255.0,0.0,1729,439951.0
2019-06-11,256.0,260.0,255.0,255.0,0.0,4016,1025650.0
2019-06-10,255.0,260.0,255.0,255.0,0.0,2841,725065.0
2019-06-06,254.0,255.0,254.0,255.0,-1.54,188,47852.0
2019-06-04,252.0,259.0,252.0,259.0,1.57,1935,491559.0
2019-06-03,257.0,257.0,252.0,255.0,0.0,2461,625511.0
2019-06-02,255.0,257.0,255.0,255.0,-0.78,426,108916.0
2019-05-30,246.0,265.0,246.0,257.0,-0.39,3890,1017066.0
2019-05-29,257.0,258.0,257.0,258.0,0.78,1516,390742.0
2019-05-28,253.0,258.0,253.0,256.0,-0.39,4909,1260702.0
2019-05-27,265.0,265.0,256.0,257.0,-1.15,1782,461580.0
2019-05-26,260.0,262.0,257.0,260.0,-1.89,2682,690730.0
2019-05-23,263.0,265.0,255.0,265.0,1.92,8065,2083754.0
2019-05-22,259.0,260.0,259.0,260.0,0.39,1165,302800.0
2019-05-21,265.0,265.0,259.0,259.0,-0.38,3100,808313.0
2019-05-20,264.0,264.0,256.0,260.0,0.0,2930,759940.0
2019-05-19,274.0,274.0,256.0,260.0,-0.38,18094,4856821.0
2019-05-16,265.0,267.0,260.0,261.0,0.38,9515,2496962.0
2019-05-15,252.0,260.0,249.0,260.0,2.77,9613,2425156.0
2019-05-14,253.0,256.0,251.0,253.0,-1.17,11752,2965429.0
2019-05-13,246.0,256.0,245.0,256.0,2.4,7730,1931719.0
2019-05-12,250.0,250.0,246.0,250.0,0.4,2194,542780.0
2019-05-09,250.0,250.0,249.0,249.0,-0.4,3266,815634.0
2019-05-08,251.0,254.0,250.0,250.0,-0.4,2213,554540.0
2019-05-07,252.0,254.0,251.0,251.0,0.0,4137,1045108.0
2019-05-06,251.0,252.0,247.0,251.0,0.4,1720,430980.0
2019-05-05,246.0,253.0,246.0,250.0,0.0,3838,958495.0
2019-05-02,253.0,253.0,249.0,250.0,-1.57,1981,497039.0
2019-04-30,256.0,257.0,252.0,254.0,1.2,9988,2550374.0
2019-04-29,250.0,255.0,247.0,251.0,-0.4,9690,2445000.0
2019-04-28,258.0,263.0,250.0,252.0,-1.56,16243,4148348.0
2019-04-25,244.0,256.0,240.0,256.0,6.67,23497,5856602.0
2019-04-24,235.0,245.0,234.0,240.0,3.45,20237,4838168.0
2019-04-23,235.0,235.0,231.0,232.0,-0.43,4661,1092263.0
2019-04-22,231.0,236.0,231.0,233.0,0.87,18507,4309725.0
2019-04-21,235.0,240.0,230.0,231.0,-0.43,13614,3161248.0
2019-04-18,234.0,239.0,232.0,232.0,-0.43,3524,826868.0
2019-04-17,240.0,242.0,233.0,233.0,-2.92,8852,2116914.0
2019-04-16,231.0,240.0,230.0,240.0,3.45,6310,1471019.0
2019-04-15,232.0,232.0,230.0,232.0,-1.28,1700,392400.0
2019-04-11,233.0,237.0,231.0,235.0,2.62,1768,413592.0
2019-04-10,234.0,234.0,228.0,229.0,-1.72,2238,515145.0
2019-04-09,235.0,236.0,232.0,233.0,-1.27,2049,476474.0
2019-04-08,233.0,240.0,232.0,236.0,1.29,12708,2973120.0
2019-04-07,233.0,234.0,229.0,233.0,0.0,6516,1504990.0
2019-04-04,232.0,235.0,229.0,233.0,-1.27,14004,3230255.0
2019-04-03,234.0,238.0,234.0,236.0,2.61,1568,367952.0
2019-04-02,230.0,234.0,230.0,230.0,0.0,6500,1502800.0
2019-04-01,232.0,233.0,230.0,230.0,-0.86,5127,1184891.0
2019-03-31,232.0,233.0,231.0,232.0,-0.85,1148,266608.0
2019-03-28,231.0,234.0,231.0,234.0,-0.43,61,14178.0
2019-03-27,235.0,235.0,235.0,235.0,1.29,249,58510.0
2019-03-26,231.0,235.0,231.0,232.0,0.0,951,220898.0
2019-03-25,233.0,235.0,232.0,232.0,-0.43,1418,329721.0
2019-03-24,235.0,235.0,233.0,233.0,-1.69,1198,280120.0
2019-03-21,235.0,238.0,230.0,237.0,2.6,24895,5893443.0
2019-03-19,234.0,234.0,231.0,231.0,-2.94,706,165036.0
2019-03-18,238.0,240.0,238.0,238.0,0.0,61827,14714846.0
2019-03-17,238.0,240.0,238.0,238.0,-0.42,3852,918892.0
2019-03-13,237.0,240.0,237.0,239.0,0.0,480,114620.0
2019-03-12,240.0,241.0,239.0,239.0,0.0,2130,510400.0
2019-03-11,239.0,241.0,236.0,239.0,-0.42,3616,863552.0
2019-03-10,244.0,244.0,236.0,240.0,0.0,1020,241344.0
2019-03-07,239.0,241.0,236.0,240.0,0.0,5384,1281538.0
2019-03-06,243.0,246.0,238.0,240.0,0.42,961,230277.0
2019-03-05,235.0,240.0,235.0,239.0,0.0,10325,2463120.0
2019-03-03,239.0,239.0,236.0,239.0,-1.65,1205,286526.0
2019-02-27,238.0,243.0,238.0,243.0,0.41,596,142683.0
2019-02-26,243.0,243.0,238.0,242.0,-1.63,1379,331715.0
2019-02-25,238.0,246.0,238.0,246.0,1.65,2502,607432.0
2019-02-24,238.0,242.0,235.0,242.0,2.11,3447,818439.0
2019-02-21,237.0,237.0,237.0,237.0,0.0,542,128454.0
2019-02-20,241.0,241.0,237.0,237.0,-0.84,432,103419.0
2019-02-19,237.0,239.0,237.0,239.0,1.7,548,130613.0
2019-02-18,240.0,240.0,228.0,235.0,-3.29,2906,681458.0
2019-02-17,241.0,243.0,241.0,243.0,2.1,499,120960.0
2019-02-14,240.0,241.0,236.0,238.0,-1.65,1267,301726.0
2019-02-13,246.0,246.0,242.0,242.0,-1.63,126,30905.0
2019-02-12,244.0,246.0,244.0,246.0,0.82,1027,251330.0
2019-02-11,236.0,244.0,236.0,244.0,2.95,632,149272.0
2019-02-10,243.0,243.0,237.0,237.0,-3.27,2100,503800.0
2019-02-07,247.0,248.0,245.0,245.0,-1.21,700,172100.0
2019-02-06,249.0,250.0,248.0,248.0,-0.4,1946,483498.0
2019-02-05,245.0,249.0,243.0,249.0,3.32,769,189013.0
2019-02-04,241.0,241.0,241.0,241.0,-1.63,550,132550.0
2019-02-03,247.0,247.0,245.0,245.0,-0.81,1620,397740.0
2019-01-31,247.0,247.0,247.0,247.0,1.65,10,2470.0
2019-01-30,243.0,243.0,243.0,243.0,-0.82,112,27216.0
2019-01-29,250.0,250.0,245.0,245.0,-2.0,1652,406080.0
2019-01-28,248.0,250.0,247.0,250.0,1.21,778,193504.0
2019-01-27,247.0,250.0,246.0,247.0,0.41,1638,405396.0
2019-01-24,246.0,253.0,246.0,246.0,-1.2,3482,872696.0
2019-01-21,242.0,249.0,241.0,249.0,1.63,486,118048.0
2019-01-20,250.0,250.0,245.0,245.0,-2.0,200,49250.0
2019-01-17,250.0,250.0,245.0,250.0,0.4,1401,347638.0
2019-01-16,245.0,249.0,245.0,249.0,1.63,115,28311.0
2019-01-15,243.0,245.0,243.0,245.0,2.51,2876,703868.0
2019-01-14,240.0,242.0,239.0,239.0,1.27,706,170226.0
2019-01-13,239.0,240.0,236.0,236.0,-2.88,1473,351758.0
2019-01-10,245.0,245.0,242.0,243.0,-2.8,810,196970.0
2019-01-09,253.0,253.0,245.0,250.0,0.4,1215,303780.0
2019-01-08,245.0,249.0,245.0,249.0,3.32,1495,371165.0
2019-01-07,239.0,243.0,239.0,241.0,2.55,538,129394.0
2019-01-06,236.0,238.0,233.0,235.0,-2.08,6181,1457755.0
2019-01-03,247.0,247.0,240.0,240.0,-4.38,2220,540099.0
2019-01-02,251.0,251.0,251.0,251.0,0.0,200,50200.0
2019-01-01,249.0,251.0,249.0,251.0,-0.4,736,184314.0
2018-12-31,255.0,255.0,252.0,252.0,-1.56,1025,258975.0
2018-12-30,256.0,256.0,253.0,256.0,0.0,1600,407150.0
2018-12-27,254.0,259.0,251.0,256.0,2.4,2915,737430.0
2018-12-26,247.0,252.0,247.0,250.0,1.21,2548,639040.0
2018-12-25,246.0,249.0,246.0,247.0,-0.4,5181,1285918.0
2018-12-24,249.0,250.0,246.0,248.0,1.22,3037,754606.0
2018-12-23,241.0,245.0,238.0,245.0,3.38,3286,790664.0
2018-12-20,237.0,241.0,237.0,237.0,0.42,2837,675089.0
2018-12-19,236.0,236.0,236.0,236.0,1.29,33,7788.0
2018-12-17,233.0,233.0,233.0,233.0,-1.69,135,31455.0
2018-12-16,240.0,246.0,237.0,237.0,-2.07,789,187170.0
2018-12-13,244.0,244.0,240.0,242.0,-1.22,180,43380.0
2018-12-12,235.0,245.0,235.0,245.0,4.26,1771,422581.0
2018-12-11,238.0,238.0,235.0,235.0,-0.84,1114,262476.0
2018-12-10,237.0,237.0,237.0,237.0,0.42,100,23700.0
2018-12-09,230.0,236.0,230.0,236.0,1.72,1449,340722.0
2018-12-06,233.0,233.0,232.0,232.0,-1.28,1150,266850.0
2018-12-05,233.0,235.0,232.0,235.0,0.0,547,127276.0
2018-12-04,232.0,236.0,232.0,235.0,1.73,2230,524077.0
2018-12-03,234.0,234.0,231.0,231.0,-1.28,4923,1142113.0
2018-12-02,237.0,237.0,233.0,234.0,0.0,922,216912.0
2018-11-29,226.0,234.0,226.0,234.0,1.74,218,49740.0
2018-11-28,231.0,231.0,230.0,230.0,-0.86,392,90210.0
2018-11-27,235.0,235.0,232.0,232.0,-2.52,3140,733329.0
2018-11-26,239.0,239.0,238.0,238.0,-0.83,1218,290874.0
2018-11-25,240.0,240.0,240.0,240.0,-1.64,350,84000.0
2018-11-22,249.0,249.0,244.0,244.0,-1.21,700,171800.0
2018-11-21,242.0,252.0,240.0,247.0,3.78,359,88522.0
2018-11-20,246.0,246.0,238.0,238.0,-1.65,696,169200.0
2018-11-19,240.0,244.0,240.0,242.0,-0.82,4707,1130980.0
2018-11-18,243.0,244.0,242.0,244.0,-0.81,3748,910179.0
2018-11-15,243.0,246.0,243.0,246.0,0.41,197,48021.0
2018-11-14,239.0,247.0,237.0,245.0,2.51,4645,1115415.0
2018-11-13,238.0,242.0,234.0,239.0,2.14,3471,829532.0
2018-11-12,235.0,236.0,234.0,234.0,-0.85,240,56310.0
2018-11-11,239.0,239.0,236.0,236.0,-1.26,1000,236000.0
2018-11-05,240.0,243.0,239.0,239.0,1.27,580,139040.0
2018-11-04,233.0,236.0,232.0,236.0,3.06,2229,525337.0
2018-11-01,229.0,233.0,229.0,229.0,0.0,626,143444.0
2018-10-31,229.0,233.0,228.0,229.0,0.0,5788,1329956.0
2018-10-30,225.0,229.0,225.0,229.0,3.62,613,138125.0
2018-10-29,225.0,228.0,221.0,221.0,-3.49,1308,294506.0
2018-10-28,232.0,232.0,229.0,229.0,-1.29,650,150400.0
2018-10-25,232.0,232.0,232.0,232.0,-1.28,63,14616.0
2018-10-24,233.0,235.0,233.0,235.0,0.86,1435,336725.0
2018-10-23,232.0,233.0,232.0,233.0,0.43,258,60056.0
2018-10-22,230.0,232.0,230.0,232.0,0.0,450,103600.0
2018-10-21,232.0,232.0,232.0,232.0,-1.28,10,2320.0
2018-10-14,235.0,235.0,235.0,235.0,1.73,293,68855.0
2018-10-10,231.0,231.0,231.0,231.0,-0.43,143,33033.0
2018-10-09,230.0,232.0,230.0,232.0,0.0,1527,352917.0
2018-10-08,234.0,234.0,232.0,232.0,0.87,832,193742.0
2018-10-07,232.0,232.0,230.0,230.0,-2.54,619,143470.0
2018-10-04,234.0,244.0,234.0,236.0,-0.42,1842,435633.0
2018-10-03,233.0,240.0,233.0,237.0,0.85,561,133216.0
2018-10-02,244.0,244.0,234.0,235.0,-4.47,1635,386820.0
2018-10-01,294.0,298.0,286.0,290.0,-2.36,9744,2845891.0
2018-09-30,300.0,300.0,295.0,297.0,-1.0,5991,1776383.0
2018-09-27,305.0,305.0,298.0,300.0,-0.33,2280,682810.0
2018-09-26,310.0,310.0,301.0,301.0,-2.27,3022,915426.0
2018-09-25,295.0,308.0,292.0,308.0,6.21,3698,1099801.0
2018-09-23,294.0,294.0,289.0,290.0,-1.02,2597,754834.0
2018-09-20,288.0,293.0,288.0,293.0,0.69,1178,342238.0
2018-09-18,291.0,291.0,290.0,291.0,-0.34,1131,328963.0
2018-09-17,291.0,292.0,289.0,292.0,-0.34,4688,1360579.0
2018-09-16,283.0,293.0,283.0,293.0,2.45,5799,1681405.0
2018-09-13,283.0,293.0,283.0,286.0,0.35,9466,2713329.0
2018-09-12,275.0,285.0,275.0,285.0,2.15,11514,3239805.0
2018-09-11,285.0,285.0,277.0,279.0,-0.36,8657,2412451.0
2018-09-10,285.0,285.0,280.0,280.0,-1.75,8858,2511762.0
2018-09-09,287.0,287.0,285.0,285.0,0.0,5741,1641718.0
2018-09-06,289.0,290.0,284.0,285.0,-1.38,18354,5261800.0
2018-09-05,285.0,289.0,285.0,289.0,1.4,4479,1277547.0
2018-09-04,290.0,290.0,285.0,285.0,-1.38,1733,497475.0
2018-09-03,285.0,295.0,284.0,289.0,3.21,4504,1301545.0
2018-09-02,286.0,288.0,280.0,280.0,-0.36,2813,797356.0
2018-08-30,275.0,285.0,275.0,281.0,4.07,9496,2658005.0
2018-08-29,266.0,270.0,266.0,270.0,0.0,600,160000.0
2018-08-28,268.0,270.0,268.0,270.0,0.0,204,54966.0
2018-08-26,271.0,275.0,270.0,270.0,-1.82,2200,596000.0
2018-08-23,275.0,275.0,275.0,275.0,0.0,44,12100.0
2018-08-22,271.0,276.0,270.0,275.0,1.85,542,147078.0
2018-08-21,270.0,270.0,270.0,270.0,-0.74,1000,270000.0
2018-08-20,276.0,276.0,272.0,272.0,0.0,1448,395362.0
2018-08-19,280.0,280.0,272.0,272.0,-4.56,3800,1046200.0
2018-08-16,284.0,285.0,280.0,285.0,0.0,1538,436040.0
2018-08-15,280.0,285.0,275.0,285.0,3.64,11293,3148960.0
2018-08-14,275.0,275.0,270.0,275.0,1.85,3547,959051.0
2018-08-13,270.0,270.0,268.0,270.0,1.5,767,206890.0
2018-08-12,273.0,273.0,266.0,266.0,-1.12,680,182180.0
2018-08-09,264.0,270.0,264.0,269.0,0.37,1762,475618.0
2018-08-08,270.0,271.0,268.0,268.0,-0.74,4064,1093472.0
2018-08-07,274.0,274.0,270.0,270.0,-1.46,1402,383472.0
2018-08-06,276.0,276.0,274.0,274.0,-0.36,700,192500.0
2018-08-05,273.0,277.0,273.0,275.0,0.73,2632,723697.0
2018-08-02,279.0,280.0,272.0,273.0,-0.73,2252,615888.0
2018-08-01,275.0,280.0,275.0,275.0,-1.79,1204,336120.0
2018-07-31,280.0,280.0,275.0,280.0,0.36,1295,360570.0
2018-07-30,275.0,279.0,275.0,279.0,1.45,219,61025.0
2018-07-29,280.0,280.0,275.0,275.0,0.0,314,86450.0
2018-07-26,273.0,275.0,273.0,275.0,-1.08,511,139703.0
2018-07-25,270.0,280.0,270.0,278.0,2.21,2716,753237.0
2018-07-24,272.0,280.0,272.0,272.0,-1.45,2218,616146.0
2018-07-23,267.0,276.0,267.0,276.0,2.22,643,174360.0
2018-07-22,270.0,270.0,270.0,270.0,0.37,971,262170.0
2018-07-19,268.0,270.0,265.0,269.0,-1.1,839,224866.0
2018-07-18,272.0,272.0,270.0,272.0,0.74,123,33410.0
2018-07-17,270.0,270.0,270.0,270.0,-0.37,82,22142.0
2018-07-16,268.0,271.0,268.0,271.0,0.37,22,5926.0
2018-07-15,277.0,277.0,270.0,270.0,-1.82,269,72846.0
2018-07-12,279.0,280.0,275.0,275.0,-1.79,1213,334183.0
2018-07-11,275.0,280.0,275.0,280.0,1.82,75,20775.0
2018-07-10,264.0,278.0,264.0,275.0,3.38,819,222563.0
2018-07-09,280.0,280.0,266.0,266.0,-6.67,1958,528528.0
2018-07-08,282.0,285.0,270.0,285.0,1.79,2045,575440.0
2018-07-05,270.0,280.0,270.0,280.0,1.82,5772,1587928.0
2018-07-04,269.0,275.0,269.0,275.0,1.1,315,86024.0
2018-07-03,269.0,272.0,267.0,272.0,0.74,1402,376414.0
2018-07-02,265.0,270.0,265.0,270.0,0.0,371,99160.0
2018-07-01,275.0,275.0,270.0,270.0,-1.82,430,116340.0
2018-06-28,270.0,275.0,268.0,275.0,1.85,482,130482.0
2018-06-27,270.0,270.0,270.0,270.0,1.5,301,81270.0
2018-06-26,267.0,270.0,266.0,266.0,-1.12,563,150599.0
2018-06-25,268.0,270.0,266.0,269.0,0.37,565,151421.0
2018-06-24,273.0,274.0,268.0,268.0,-1.11,2984,805768.0
2018-06-21,270.0,275.0,270.0,271.0,0.37,1706,463326.0
2018-06-20,280.0,280.0,270.0,270.0,-3.57,1016,276685.0
2018-06-19,284.0,284.0,280.0,280.0,-1.75,414,116351.0
2018-06-18,290.0,290.0,285.0,285.0,-3.39,118,34130.0
2018-06-17,295.0,295.0,295.0,295.0,0.0,57,16815.0
2018-06-14,290.0,295.0,280.0,295.0,3.51,4695,1338150.0
2018-06-13,275.0,285.0,275.0,285.0,2.89,461,129985.0
2018-06-12,281.0,281.0,275.0,277.0,0.36,2316,632448.0
2018-06-11,278.0,283.0,276.0,276.0,-1.78,2733,763200.0
2018-06-10,285.0,285.0,280.0,281.0,-3.1,492,137920.0
2018-06-07,288.0,290.0,288.0,290.0,0.0,1243,359962.0
2018-06-04,295.0,295.0,290.0,290.0,-1.02,410,120150.0
2018-06-03,301.0,301.0,293.0,293.0,-1.01,452,132792.0
2018-05-31,297.0,297.0,296.0,296.0,-0.34,1304,387199.0
2018-05-30,300.0,300.0,296.0,297.0,-1.0,1075,320518.0
2018-05-29,297.0,305.0,296.0,300.0,-0.66,3562,1070479.0
2018-05-28,295.0,302.0,295.0,302.0,4.14,1077,320783.0
2018-05-27,292.0,292.0,290.0,290.0,-0.68,599,173730.0
2018-05-24,292.0,292.0,292.0,292.0,0.69,100,29200.0
2018-05-23,292.0,292.0,290.0,290.0,-1.69,907,263280.0
2018-05-22,295.0,295.0,295.0,295.0,-1.67,17,5015.0
2018-05-21,297.0,300.0,295.0,300.0,-0.66,685,202375.0
2018-05-20,305.0,305.0,299.0,302.0,-1.63,3690,1108224.0
2018-05-17,306.0,307.0,304.0,307.0,2.33,740,225640.0
2018-05-16,300.0,300.0,300.0,300.0,0.67,130,39000.0
2018-05-14,298.0,298.0,298.0,298.0,-1.0,100,29800.0
2018-05-10,302.0,302.0,301.0,301.0,-0.66,294,88694.0
2018-05-09,305.0,305.0,303.0,303.0,-1.94,450,136490.0
2018-05-08,305.0,315.0,305.0,309.0,2.32,378,116902.0
2018-05-07,301.0,304.0,301.0,302.0,-1.31,2209,666630.0
2018-05-06,309.0,309.0,306.0,306.0,-0.97,2003,614723.0
2018-05-03,308.0,314.0,308.0,309.0,2.32,3128,969529.0
2018-05-02,307.0,307.0,302.0,302.0,-1.63,58,17628.0
2018-04-29,305.0,310.0,305.0,307.0,0.0,1606,492971.0
2018-04-26,307.0,307.0,306.0,307.0,-0.97,4193,1285161.0
2018-04-25,307.0,313.0,307.0,310.0,0.0,2926,912411.0
2018-04-24,311.0,315.0,305.0,310.0,-1.59,2101,650275.0
2018-04-23,326.0,326.0,308.0,315.0,-1.56,10070,3178000.0
2018-04-22,312.0,324.0,312.0,320.0,4.58,5400,1721204.0
2018-04-19,318.0,318.0,304.0,306.0,-1.92,12119,3755658.0
2018-04-18,284.0,312.0,281.0,312.0,9.86,9635,2853266.0
2018-04-17,279.0,284.0,279.0,284.0,3.65,360,101990.0
2018-04-16,273.0,279.0,269.0,274.0,0.74,478,130893.0
2018-04-15,275.0,275.0,270.0,272.0,-2.86,1005,274000.0
2018-04-12,270.0,280.0,270.0,280.0,4.87,1363,371235.0
2018-04-11,280.0,280.0,265.0,267.0,-2.91,1717,464645.0
2018-04-10,285.0,285.0,275.0,275.0,-5.17,890,248785.0
2018-04-09,280.0,294.0,280.0,290.0,1.75,1681,486280.0
2018-04-08,275.0,285.0,275.0,285.0,1.79,11306,3160114.0
2018-04-05,275.0,280.0,275.0,280.0,3.7,2905,804474.0
2018-04-04,270.0,270.0,265.0,270.0,1.89,1642,443240.0
2018-04-03,260.0,265.0,260.0,265.0,1.92,7018,1825905.0
2018-04-02,265.0,265.0,260.0,260.0,-2.99,400,105000.0
2018-04-01,269.0,270.0,265.0,268.0,-0.74,1525,407800.0
2018-03-29,270.0,275.0,265.0,270.0,1.89,1770,478450.0
2018-03-28,264.0,270.0,264.0,265.0,2.32,1537,410245.0
2018-03-27,258.0,259.0,258.0,259.0,0.0,250,64550.0
2018-03-26,260.0,260.0,250.0,259.0,-2.26,2966,750402.0
2018-03-22,270.0,275.0,265.0,265.0,-1.85,1784,479600.0
2018-03-21,270.0,271.0,270.0,270.0,-0.37,2469,667857.0
2018-03-20,271.0,272.0,271.0,271.0,-1.45,325,88225.0
2018-03-19,277.0,282.0,275.0,275.0,1.1,726,200672.0
2018-03-18,274.0,274.0,271.0,272.0,-1.09,441,120302.0
2018-03-15,275.0,275.0,275.0,275.0,0.0,200,55000.0
2018-03-14,276.0,276.0,273.0,275.0,0.0,1185,324225.0
2018-03-13,275.0,275.0,275.0,275.0,1.85,900,247500.0
2018-03-12,279.0,280.0,270.0,270.0,-4.26,4367,1199940.0
2018-03-11,285.0,285.0,280.0,282.0,-2.76,1190,337250.0
2018-03-07,285.0,290.0,282.0,290.0,3.57,3120,884700.0
2018-03-06,266.0,280.0,263.0,280.0,3.7,2642,710720.0
2018-03-05,280.0,280.0,265.0,270.0,-3.23,2823,764728.0
2018-03-04,282.0,285.0,275.0,279.0,-2.79,1810,511543.0
2018-02-28,285.0,290.0,285.0,287.0,-1.03,611,175588.0
2018-02-27,282.0,290.0,282.0,290.0,1.75,374,107774.0
2018-02-26,289.0,289.0,285.0,285.0,-1.38,708,202432.0
2018-02-25,293.0,293.0,288.0,289.0,-0.69,3583,1042247.0
2018-02-22,290.0,295.0,290.0,291.0,0.34,306,90010.0
2018-02-21,292.0,296.0,290.0,290.0,-0.34,957,278144.0
2018-02-20,296.0,296.0,290.0,291.0,-3.0,9040,2642117.0
2018-02-18,310.0,316.0,299.0,300.0,-3.23,7881,2402268.0
2018-02-15,296.0,310.0,295.0,310.0,0.0,3305,988505.0
2018-02-14,299.0,296.0,293.0,296.0,0.0,1863,548159.0
2018-02-12,294.0,299.0,291.0,299.0,0.0,3268,958081.0
2018-02-11,300.0,300.0,294.0,294.0,0.0,7697,2276534.0
2018-02-08,295.0,300.0,296.0,300.0,0.0,5744,1707488.0
2018-02-07,292.0,297.0,295.0,295.0,0.0,240,71120.0
2018-02-06,292.0,292.0,292.0,292.0,0.0,370,108040.0
2018-02-05,295.0,300.0,292.0,292.0,0.0,3330,979520.0
2018-02-04,291.0,296.0,294.0,295.0,0.0,1526,450665.0
2018-02-01,291.0,291.0,291.0,291.0,0.0,149,43359.0
2018-01-31,291.0,291.0,291.0,291.0,0.0,374,108834.0
2018-01-29,291.0,295.0,291.0,291.0,0.0,118,34654.0
2018-01-28,290.0,295.0,291.0,291.0,0.0,2427,710013.0
2018-01-25,290.0,306.0,289.0,290.0,0.0,1035,304181.0
2018-01-24,292.0,295.0,286.0,290.0,0.0,3058,886625.0
2018-01-23,300.0,299.0,292.0,292.0,0.0,658,194802.0
2018-01-22,296.0,300.0,295.0,300.0,0.0,115,34000.0
2018-01-21,294.0,300.0,295.0,296.0,0.0,1953,581586.0
2018-01-17,292.0,294.0,294.0,294.0,0.0,380,111720.0
2018-01-16,300.0,303.0,292.0,292.0,0.0,1032,303144.0
2018-01-14,304.0,301.0,298.0,300.0,0.0,495,147874.0
2018-01-10,307.0,310.0,303.0,304.0,0.0,2635,807105.0
2018-01-09,302.0,307.0,301.0,307.0,0.0,756,230710.0
2018-01-08,295.0,302.0,297.0,302.0,0.0,669,199501.0
2018-01-07,299.0,296.0,295.0,295.0,0.0,2350,694350.0
2018-01-04,302.0,301.0,296.0,299.0,0.0,994,298770.0
2018-01-03,297.0,302.0,295.0,302.0,0.0,580,173994.0
2018-01-02,309.0,309.0,297.0,297.0,0.0,579,174637.0
2018-01-01,295.0,309.0,295.0,309.0,0.0,1239,371280.0
2017-12-31,299.0,295.0,295.0,295.0,0.0,50,14750.0
2017-12-28,298.0,303.0,296.0,299.0,0.0,1041,310337.0
2017-12-27,301.0,303.0,290.0,298.0,0.0,1388,411580.0
2017-12-26,313.0,307.0,296.0,301.0,0.0,3271,977757.0
2017-12-24,400.0,400.0,391.0,391.0,0.0,5533,2189956.0
2017-12-21,404.0,401.0,395.0,400.0,0.0,2854,1136278.0
2017-12-20,412.0,404.0,401.0,404.0,0.0,1820,734962.0
2017-12-19,404.0,420.0,410.0,412.0,0.0,591,243584.0
2017-12-18,410.0,418.0,402.0,404.0,0.0,686,277032.0
2017-12-17,413.0,413.0,405.0,410.0,0.0,2474,1011440.0
2017-12-14,410.0,413.0,401.0,413.0,0.0,3799,1537527.0
2017-12-13,407.0,410.0,404.0,410.0,0.0,2599,1057711.0
2017-12-12,418.0,412.0,407.0,407.0,0.0,1993,813048.0
2017-12-11,420.0,418.0,410.0,418.0,0.0,2770,1139208.0
2017-12-10,412.0,420.0,420.0,420.0,0.0,50,21000.0
2017-12-06,406.0,414.0,410.0,412.0,0.0,1030,424490.0
2017-12-05,408.0,413.0,406.0,406.0,0.0,1492,610750.0
2017-12-04,410.0,426.0,408.0,408.0,0.0,573,238330.0
2017-11-30,410.0,410.0,406.0,410.0,0.0,1986,813140.0
2017-11-29,417.0,423.0,410.0,410.0,0.0,7018,2904264.0
2017-11-28,410.0,417.0,407.0,417.0,0.0,1913,785657.0
2017-11-27,431.0,423.0,409.0,410.0,0.0,10338,4257670.0
2017-11-26,407.0,431.0,411.0,431.0,0.0,5888,2445732.0
2017-11-23,391.0,407.0,390.0,407.0,0.0,1759,708839.0
2017-11-22,392.0,392.0,390.0,391.0,0.0,1463,572103.0
2017-11-21,385.0,392.0,390.0,392.0,0.0,462,180650.0
2017-11-20,390.0,390.0,385.0,385.0,0.0,158,61205.0
2017-11-19,395.0,390.0,390.0,390.0,0.0,200,78000.0
2017-11-16,401.0,395.0,393.0,395.0,0.0,659,260205.0
2017-11-15,395.0,402.0,400.0,401.0,0.0,119,47745.0
2017-11-14,390.0,406.0,392.0,395.0,0.0,645,258269.0
2017-11-13,400.0,407.0,390.0,390.0,0.0,4808,1900594.0
2017-11-12,390.0,404.0,396.0,400.0,0.0,1771,706724.0
2017-11-09,383.0,397.0,390.0,390.0,0.0,326,127665.0
2017-11-08,397.0,397.0,383.0,383.0,0.0,1700,657520.0
2017-11-07,395.0,402.0,397.0,397.0,0.0,1487,593216.0
2017-11-06,401.0,402.0,395.0,395.0,0.0,3601,1441185.0
2017-11-05,410.0,405.0,400.0,401.0,0.0,1370,550590.0
2017-11-02,405.0,410.0,402.0,410.0,0.0,1631,658639.0
2017-11-01,410.0,412.0,405.0,405.0,0.0,4041,1653526.0
2017-10-31,409.0,410.0,410.0,410.0,0.0,500,205000.0
2017-10-30,407.0,409.0,404.0,409.0,0.0,4098,1662592.0
2017-10-29,420.0,415.0,405.0,407.0,0.0,7810,3192795.0
2017-10-25,430.0,425.0,420.0,420.0,0.0,1616,680612.0
2017-10-24,427.0,430.0,423.0,430.0,0.0,1173,503338.0
2017-10-23,423.0,435.0,425.0,427.0,0.0,5528,2355626.0
2017-10-22,426.0,430.0,422.0,423.0,0.0,3160,1353708.0
2017-10-18,411.0,426.0,417.0,426.0,0.0,1814,764666.0
2017-10-17,417.0,425.0,410.0,411.0,0.0,2435,1009051.0
2017-10-16,405.0,417.0,405.0,417.0,0.0,1511,617368.0
2017-10-15,410.0,405.0,400.0,405.0,0.0,633,255725.0
2017-10-12,407.0,410.0,406.0,410.0,0.0,2537,1035623.0
2017-10-11,405.0,409.0,400.0,407.0,0.0,2236,906315.0
2017-10-10,406.0,415.0,405.0,405.0,0.0,1835,746155.0
2017-10-09,404.0,410.0,402.0,406.0,0.0,1673,680983.0
2017-10-08,411.0,404.0,400.0,404.0,0.0,952,382872.0
2017-10-04,419.0,420.0,411.0,411.0,0.0,2273,947895.0
2017-09-26,412.0,420.0,414.0,419.0,0.0,13403,5575200.0
2017-09-25,416.0,414.0,410.0,412.0,0.0,626,258186.0
2017-09-24,415.0,419.0,415.0,416.0,0.0,1370,569930.0
2017-09-20,395.0,416.0,402.0,415.0,0.0,4139,1713044.0
2017-09-18,390.0,402.0,390.0,395.0,0.0,1053,417314.0
2017-09-17,395.0,392.0,390.0,390.0,0.0,509,198945.0
2017-09-14,380.0,395.0,380.0,395.0,0.0,1549,603053.0
2017-09-13,387.0,394.0,380.0,380.0,0.0,1950,759750.0
2017-09-12,389.0,402.0,382.0,387.0,0.0,3299,1285854.0
2017-09-11,389.0,399.0,382.0,389.0,0.0,1974,768154.0
2017-09-10,388.0,396.0,382.0,389.0,0.0,3329,1293433.0
2017-09-07,400.0,405.0,388.0,388.0,0.0,4697,1854680.0
2017-09-06,410.0,408.0,400.0,400.0,0.0,4702,1891045.0
2017-09-04,413.0,415.0,405.0,410.0,0.0,2631,1075535.0
2017-08-31,417.0,414.0,410.0,413.0,0.0,311,128535.0
2017-08-30,415.0,423.0,410.0,417.0,0.0,2242,936573.0
2017-08-28,423.0,423.0,414.0,415.0,0.0,1385,576741.0
2017-08-27,430.0,428.0,422.0,423.0,0.0,1280,543373.0
2017-08-24,422.0,430.0,422.0,430.0,0.0,1601,683587.0
2017-08-23,424.0,424.0,420.0,422.0,0.0,1486,626792.0
2017-08-22,416.0,432.0,413.0,424.0,0.0,2087,877009.0
2017-08-21,412.0,430.0,409.0,416.0,0.0,15263,6248700.0
2017-08-20,415.0,415.0,408.0,412.0,0.0,10867,4459805.0
2017-08-17,420.0,422.0,415.0,415.0,0.0,12631,5247137.0
2017-08-16,423.0,436.0,420.0,420.0,0.0,1103,469376.0
2017-08-15,428.0,429.0,421.0,423.0,0.0,13457,5673436.0
2017-08-13,437.0,440.0,428.0,428.0,0.0,362,156944.0
2017-08-10,437.0,440.0,435.0,437.0,0.0,12046,5248706.0
2017-08-09,450.0,450.0,437.0,437.0,0.0,7732,3445815.0
2017-08-07,437.0,450.0,430.0,450.0,0.0,6237,2778940.0
2017-08-06,441.0,445.0,433.0,437.0,0.0,1404,617045.0
2017-08-03,450.0,450.0,441.0,441.0,0.0,642,283700.0
2017-08-02,448.0,455.0,448.0,450.0,0.0,806,363126.0
2017-08-01,447.0,452.0,440.0,448.0,0.0,6449,2892265.0
2017-07-31,431.0,447.0,426.0,447.0,0.0,4161,1808375.0
2017-07-30,432.0,438.0,430.0,431.0,0.0,2796,1209905.0
2017-07-27,431.0,438.0,430.0,432.0,0.0,2771,1204109.0
2017-07-26,429.0,438.0,430.0,431.0,0.0,6434,2794581.0
2017-07-25,415.0,429.0,423.0,429.0,0.0,1222,519190.0
2017-07-24,427.0,427.0,412.0,415.0,0.0,2188,915469.0
2017-07-23,422.0,430.0,425.0,427.0,0.0,1564,669721.0
2017-07-20,438.0,440.0,420.0,422.0,0.0,1373,597204.0
2017-07-19,434.0,443.0,430.0,438.0,0.0,1396,612948.0
2017-07-18,428.0,436.0,420.0,434.0,0.0,2229,960348.0
2017-07-17,423.0,428.0,416.0,428.0,0.0,319,133580.0
2017-07-16,425.0,435.0,418.0,423.0,0.0,2480,1051758.0
2017-07-13,422.0,425.0,414.0,425.0,0.0,879,370926.0
2017-07-12,418.0,422.0,418.0,422.0,0.0,310,130010.0
2017-07-11,420.0,418.0,418.0,418.0,0.0,102,42636.0
2017-07-10,417.0,420.0,409.0,420.0,0.0,551,229694.0
2017-07-09,430.0,432.0,417.0,417.0,0.0,2806,1185064.0
2017-07-06,408.0,430.0,408.0,430.0,0.0,1113,461332.0
2017-07-05,408.0,408.0,405.0,408.0,0.0,135,54978.0
2017-07-04,416.0,409.0,405.0,408.0,0.0,1205,491616.0
2017-07-03,400.0,416.0,404.0,416.0,0.0,269,109771.0
2017-07-02,408.0,410.0,400.0,400.0,0.0,3341,1352046.0
2017-06-28,412.0,420.0,407.0,408.0,0.0,778,320664.0
2017-06-27,406.0,412.0,406.0,412.0,0.0,1396,570668.0
2017-06-25,412.0,414.0,406.0,406.0,0.0,1403,573538.0
2017-06-22,401.0,415.0,402.0,412.0,0.0,1172,479984.0
2017-06-21,400.0,405.0,401.0,401.0,0.0,1292,520876.0
2017-06-20,409.0,406.0,399.0,400.0,0.0,4744,1911887.0
2017-06-19,430.0,430.0,409.0,409.0,0.0,1233,518207.0
2017-06-18,422.0,430.0,422.0,430.0,0.0,1107,475459.0
2017-06-15,431.0,442.0,422.0,422.0,0.0,3786,1618010.0
2017-06-14,424.0,431.0,418.0,431.0,0.0,3274,1387698.0
2017-06-13,425.0,425.0,417.0,424.0,0.0,577,243099.0
2017-06-12,423.0,426.0,410.0,425.0,0.0,3052,1273538.0
2017-06-11,436.0,436.0,423.0,423.0,0.0,1133,483176.0
2017-06-08,440.0,437.0,435.0,436.0,0.0,954,415860.0
2017-06-07,445.0,441.0,440.0,440.0,0.0,407,179162.0
2017-06-06,437.0,449.0,441.0,445.0,0.0,2914,1292195.0
2017-06-05,430.0,438.0,432.0,437.0,0.0,993,433296.0
2017-06-04,440.0,439.0,423.0,430.0,0.0,1827,786263.0
2017-06-01,447.0,445.0,438.0,440.0,0.0,450,198100.0
2017-05-31,435.0,451.0,425.0,447.0,0.0,2645,1154059.0
2017-05-30,445.0,445.0,430.0,435.0,0.0,3709,1636914.0
2017-05-28,458.0,455.0,439.0,445.0,0.0,7014,3145721.0
2017-05-24,449.0,458.0,441.0,458.0,0.0,4029,1820533.0
2017-05-23,454.0,455.0,441.0,449.0,0.0,5739,2562066.0
2017-05-22,460.0,455.0,446.0,454.0,0.0,8282,3709174.0
2017-05-21,460.0,460.0,451.0,460.0,0.0,3886,1776152.0
2017-05-18,441.0,460.0,440.0,460.0,0.0,2359,1062475.0
2017-05-17,448.0,459.0,441.0,441.0,0.0,1906,860704.0
2017-05-16,455.0,451.0,447.0,448.0,0.0,4655,2090870.0
2017-05-15,455.0,460.0,451.0,455.0,0.0,1400,635110.0
2017-05-11,464.0,465.0,455.0,455.0,0.0,150,68614.0
2017-05-09,450.0,464.0,454.0,464.0,0.0,989,452951.0
2017-05-08,451.0,460.0,449.0,450.0,0.0,2840,1282242.0
2017-05-07,463.0,458.0,451.0,451.0,0.0,7297,3317802.0
2017-05-04,475.0,475.0,460.0,463.0,0.0,3100,1438400.0
2017-05-03,469.0,487.0,466.0,475.0,0.0,5444,2586068.0
2017-05-02,469.0,475.0,459.0,469.0,0.0,4820,2244851.0
2017-04-30,433.0,469.0,425.0,469.0,0.0,9899,4448548.0
2017-04-27,425.0,438.0,425.0,433.0,0.0,10491,4517599.0
2017-04-26,430.0,432.0,420.0,425.0,0.0,1246,527550.0
2017-04-25,428.0,436.0,422.0,430.0,0.0,4212,1793062.0
2017-04-24,446.0,438.0,428.0,428.0,0.0,720,309960.0
2017-04-23,430.0,446.0,430.0,446.0,0.0,390,167940.0
2017-04-20,436.0,430.0,422.0,430.0,0.0,1700,729500.0
2017-04-19,420.0,436.0,423.0,436.0,0.0,393,169135.0
2017-04-18,428.0,425.0,412.0,420.0,0.0,2193,924161.0
2017-04-16,443.0,440.0,428.0,428.0,0.0,2010,871005.0
2017-04-13,460.0,460.0,443.0,443.0,0.0,2500,1126900.0
2017-04-12,456.0,480.0,460.0,460.0,0.0,4456,2084116.0
2017-04-11,418.0,456.0,425.0,456.0,0.0,3626,1564886.0
2017-04-10,413.0,421.0,405.0,418.0,0.0,4022,1640651.0
2017-04-09,408.0,413.0,393.0,413.0,0.0,1889,758744.0
2017-04-06,415.0,410.0,408.0,408.0,0.0,394,161152.0
2017-04-04,421.0,425.0,399.0,415.0,0.0,8492,3517714.0
2017-04-03,405.0,445.0,413.0,421.0,0.0,2778,1197743.0
2017-03-30,423.0,420.0,398.0,405.0,0.0,1645,672300.0
2017-03-29,439.0,439.0,423.0,423.0,0.0,2715,1182893.0
2017-03-28,415.0,439.0,410.0,439.0,0.0,4185,1745894.0
2017-03-26,405.0,424.0,410.0,415.0,0.0,2521,1044982.0
2017-03-23,406.0,405.0,385.0,405.0,0.0,4035,1606177.0
2017-03-22,375.0,406.0,380.0,406.0,0.0,1697,659594.0
2017-03-21,359.0,375.0,365.0,375.0,0.0,800,298250.0
2017-03-20,345.0,359.0,340.0,359.0,0.0,542,192289.0
2017-03-19,340.0,345.0,339.0,345.0,0.0,2673,911499.0
2017-03-16,345.0,340.0,340.0,340.0,0.0,315,107100.0
2017-03-15,343.0,345.0,345.0,345.0,0.0,100,34500.0
2017-03-14,350.0,345.0,343.0,343.0,0.0,280,96200.0
2017-03-13,340.0,350.0,334.0,350.0,0.0,680,231080.0
2017-03-09,334.0,341.0,340.0,340.0,0.0,800,272300.0
2017-03-07,346.0,346.0,334.0,334.0,0.0,338,114128.0
2017-03-06,341.0,346.0,340.0,346.0,0.0,220,75670.0
2017-03-05,330.0,341.0,330.0,341.0,0.0,923,310185.0
2017-03-02,335.0,334.0,330.0,330.0,0.0,236,78624.0
2017-03-01,331.0,335.0,335.0,335.0,0.0,200,67000.0
2017-02-28,349.0,343.0,331.0,331.0,0.0,552,185880.0
2017-02-26,351.0,349.0,349.0,349.0,0.0,200,69800.0
2017-02-23,352.0,351.0,345.0,351.0,0.0,318,110226.0
2017-02-22,348.0,352.0,352.0,352.0,0.0,69,24288.0
2017-02-21,349.0,355.0,348.0,348.0,0.0,220,77610.0
2017-02-20,360.0,360.0,349.0,349.0,0.0,870,309680.0
2017-02-19,344.0,360.0,346.0,360.0,0.0,2189,775161.0
2017-02-16,334.0,344.0,340.0,344.0,0.0,514,176316.0
2017-02-15,310.0,334.0,316.0,334.0,0.0,140,45500.0
2017-02-14,309.0,311.0,310.0,310.0,0.0,250,77550.0
2017-02-13,304.0,309.0,298.0,309.0,0.0,1400,420300.0
2017-02-12,320.0,320.0,299.0,304.0,0.0,1843,567887.0
2017-02-09,328.0,333.0,320.0,320.0,0.0,1641,535423.0
2017-02-08,345.0,342.0,328.0,328.0,0.0,1427,478367.0
2017-02-07,357.0,350.0,345.0,345.0,0.0,330,115065.0
2017-02-06,360.0,367.0,354.0,357.0,0.0,1386,496668.0
2017-02-05,360.0,367.0,360.0,360.0,0.0,84,30478.0
2017-02-02,336.0,360.0,342.0,360.0,0.0,640,227190.0
2017-02-01,318.0,336.0,324.0,336.0,0.0,310,103980.0
2017-01-31,316.0,321.0,316.0,318.0,0.0,1776,564768.0
2017-01-30,327.0,330.0,316.0,316.0,0.0,2340,751303.0
2017-01-26,330.0,327.0,322.0,327.0,0.0,1840,597459.0
2017-01-25,340.0,335.0,330.0,330.0,0.0,2617,868788.0
2017-01-24,341.0,345.0,340.0,340.0,0.0,350,119750.0
2017-01-23,342.0,345.0,341.0,341.0,0.0,1315,448910.0
2017-01-22,351.0,346.0,339.0,342.0,0.0,1001,344511.0
2017-01-19,350.0,351.0,345.0,351.0,0.0,98,33978.0
2017-01-18,357.0,355.0,350.0,350.0,0.0,504,176900.0
2017-01-17,338.0,357.0,340.0,357.0,0.0,663,227460.0
2017-01-16,332.0,340.0,332.0,338.0,0.0,534,180471.0
2017-01-12,340.0,335.0,332.0,332.0,0.0,1056,352504.0
2017-01-11,345.0,340.0,339.0,340.0,0.0,635,215850.0
2017-01-10,344.0,345.0,344.0,345.0,0.0,523,179945.0
2017-01-09,353.0,350.0,340.0,344.0,0.0,3896,1338640.0
2017-01-08,358.0,360.0,353.0,353.0,0.0,598,211213.0
2017-01-05,357.0,358.0,358.0,358.0,0.0,59,21122.0
2017-01-04,354.0,357.0,350.0,357.0,0.0,490,172960.0
2017-01-03,360.0,362.0,354.0,354.0,0.0,1759,630350.0
2017-01-02,362.0,369.0,353.0,360.0,0.0,4287,1541016.0
2017-01-01,341.0,368.0,336.0,362.0,0.0,2329,834194.0
2016-12-29,340.0,341.0,341.0,341.0,0.0,150,51150.0
2016-12-28,341.0,340.0,335.0,340.0,0.0,605,204745.0
2016-12-27,340.0,341.0,334.0,341.0,0.0,3945,1341254.0
2016-12-26,347.0,353.0,339.0,340.0,0.0,3584,1226237.0
2016-12-22,347.0,347.0,345.0,347.0,0.0,519,179201.0
2016-12-21,352.0,352.0,346.0,347.0,0.0,662,230485.0
2016-12-20,355.0,355.0,350.0,352.0,0.0,3441,1206273.0
2016-12-19,366.0,368.0,355.0,355.0,0.0,590,212550.0
2016-12-18,352.0,366.0,351.0,366.0,0.0,2411,850593.0
2016-12-15,346.0,352.0,340.0,352.0,0.0,1668,575370.0
2016-12-14,347.0,350.0,330.0,346.0,0.0,5856,1999324.0
2016-12-12,360.0,359.0,340.0,347.0,0.0,6199,2177848.0
2016-12-11,362.0,360.0,354.0,360.0,0.0,3052,1091943.0
2016-12-08,374.0,370.0,361.0,362.0,0.0,2537,930479.0
2016-12-07,377.0,384.0,370.0,374.0,0.0,1120,419360.0
2016-12-06,388.0,390.0,370.0,377.0,0.0,6427,2422789.0
2016-12-05,395.0,388.0,388.0,388.0,0.0,20,7760.0
2016-12-04,400.0,395.0,395.0,395.0,0.0,300,118500.0
2016-12-01,405.0,408.0,397.0,400.0,0.0,2250,905350.0
2016-11-30,398.0,417.0,391.0,405.0,0.0,7872,3176776.0
2016-11-29,490.0,510.0,491.0,505.0,0.0,7551,3794229.0
2016-11-28,473.0,500.0,439.0,490.0,0.0,5237,2460799.0
2016-11-27,482.0,488.0,473.0,473.0,0.0,4775,2295700.0
2016-11-24,485.0,495.0,482.0,482.0,0.0,5199,2542515.0
2016-11-23,515.0,510.0,485.0,485.0,0.0,16074,8049000.0
2016-11-22,527.0,527.0,505.0,515.0,0.0,8533,4410296.0
2016-11-21,540.0,540.0,522.0,527.0,0.0,4699,2491255.0
2016-11-20,555.0,555.0,540.0,540.0,0.0,1574,858020.0
2016-11-17,586.0,575.0,555.0,555.0,0.0,1828,1026026.0
2016-11-16,586.0,586.0,580.0,586.0,0.0,602,352466.0
2016-11-15,591.0,586.0,573.0,586.0,0.0,1512,878346.0
2016-11-14,595.0,603.0,585.0,591.0,0.0,2646,1572128.0
2016-11-13,589.0,600.0,595.0,595.0,0.0,1014,604713.0
2016-11-10,601.0,610.0,589.0,589.0,0.0,2016,1221826.0
2016-11-09,601.0,601.0,589.0,601.0,0.0,1674,1001150.0
2016-11-08,615.0,615.0,600.0,601.0,0.0,6347,3864806.0
2016-11-07,626.0,626.0,615.0,615.0,0.0,808,500704.0
2016-11-03,614.0,626.0,613.0,626.0,0.0,918,570779.0
2016-10-27,610.0,615.0,600.0,614.0,0.0,3699,2243200.0
2016-10-26,615.0,615.0,610.0,610.0,0.0,2256,1376440.0
2016-10-25,630.0,619.0,606.0,615.0,0.0,1497,921605.0
2016-10-24,623.0,633.0,625.0,630.0,0.0,970,610100.0
2016-10-23,618.0,630.0,615.0,623.0,0.0,3458,2165817.0
2016-10-20,621.0,620.0,615.0,618.0,0.0,518,320102.0
2016-10-19,639.0,627.0,621.0,621.0,0.0,1027,637929.0
2016-10-18,640.0,639.0,628.0,628.0,0.0,122,76858.0
2016-10-17,643.0,640.0,631.0,640.0,0.0,62,39572.0
2016-10-06,630.0,650.0,637.0,643.0,0.0,1473,944135.0
2016-10-05,640.0,630.0,630.0,630.0,0.0,428,269640.0
2016-10-04,630.0,640.0,626.0,640.0,0.0,456,287222.0
2016-10-03,630.0,638.0,620.0,630.0,0.0,808,508041.0
2016-10-02,610.0,635.0,616.0,630.0,0.0,1801,1127528.0
2016-09-29,610.0,619.0,610.0,610.0,0.0,5436,3338209.0
2016-09-28,620.0,619.0,603.0,610.0,0.0,7125,4343249.0
2016-09-27,635.0,635.0,615.0,620.0,0.0,3861,2401983.0
2016-09-26,625.0,647.0,625.0,635.0,0.0,2576,1636188.0
2016-09-25,640.0,640.0,611.0,625.0,0.0,6178,3856471.0
2016-09-22,633.0,674.0,640.0,640.0,0.0,5788,3775644.0
2016-09-21,650.0,640.0,630.0,633.0,0.0,5449,3449035.0
2016-09-20,658.0,650.0,638.0,650.0,0.0,2303,1479120.0
2016-09-18,670.0,674.0,655.0,658.0,0.0,2195,1450980.0
2016-09-14,670.0,670.0,655.0,670.0,0.0,5937,3941531.0
2016-09-12,675.0,676.0,666.0,670.0,0.0,3657,2454262.0
2016-09-11,670.0,683.0,670.0,675.0,0.0,3322,2238100.0
2016-09-08,674.0,670.0,661.0,670.0,0.0,2751,1827884.0
2016-09-07,675.0,675.0,668.0,674.0,0.0,5065,3397176.0
2016-09-06,680.0,690.0,671.0,675.0,0.0,16229,11097128.0
2016-09-05,681.0,688.0,680.0,680.0,0.0,7857,5367918.0
2016-09-04,667.0,695.0,656.0,681.0,0.0,16622,11262541.0
2016-09-03,667.0,695.0,656.0,681.0,0.0,16622,11262541.0
2016-09-01,607.0,667.0,619.0,667.0,0.0,45255,29792172.0
2016-08-31,552.0,607.0,563.0,607.0,0.0,1646,995580.0
2016-08-30,502.0,552.0,512.0,552.0,0.0,109,59068.0
2016-08-29,457.0,502.0,466.0,502.0,0.0,400,196903.0
2016-08-28,417.0,457.0,425.0,457.0,0.0,50,22050.0
2016-08-24,380.0,417.0,387.0,417.0,0.0,496,198926.0
2015-10-08,492.0,483.0,483.0,483.0,0.0,329,158907.0
2015-10-07,493.0,492.0,492.0,492.0,0.0,500,246000.0
2015-10-06,485.0,493.0,476.0,493.0,0.0,1056,510288.0
2015-10-05,494.0,490.0,485.0,485.0,0.0,1000,488531.0
2015-10-04,485.0,503.0,492.0,494.0,0.0,3119,1549026.0
2015-10-01,468.0,485.0,468.0,485.0,0.0,1782,851854.0
2015-09-30,477.0,468.0,459.0,468.0,0.0,1032,480096.0
2015-09-24,495.0,486.0,477.0,477.0,0.0,992,478197.0
2015-09-23,494.0,495.0,481.0,495.0,0.0,463,226939.0
2015-09-22,504.0,494.0,494.0,494.0,0.0,500,247000.0
2015-09-17,495.0,504.0,494.0,504.0,0.0,1425,708889.0
2015-09-16,510.0,505.0,495.0,495.0,0.0,1054,527670.0
2015-09-15,502.0,520.0,500.0,510.0,0.0,3074,1566602.0
2015-09-14,512.0,510.0,496.0,502.0,0.0,5416,2745348.0
2015-09-13,510.0,515.0,505.0,512.0,0.0,1736,887268.0
2015-09-10,504.0,514.0,504.0,510.0,0.0,1173,598708.0
2015-09-09,500.0,504.0,495.0,504.0,0.0,510,252540.0
2015-09-08,495.0,500.0,490.0,500.0,0.0,2004,994609.0
2015-09-07,491.0,500.0,495.0,495.0,0.0,954,472415.0
2015-09-06,510.0,500.0,489.0,491.0,0.0,3284,1617537.0
2015-09-03,525.0,535.0,505.0,510.0,0.0,1783,933277.0
2015-09-02,525.0,545.0,510.0,525.0,0.0,7587,4008438.0
2015-09-01,479.0,525.0,483.0,525.0,0.0,12945,6545238.0
2015-08-31,436.0,479.0,444.0,479.0,0.0,2464,1145625.0
2015-08-27,428.0,452.0,436.0,436.0,0.0,793,347428.0
2015-08-26,426.0,429.0,421.0,428.0,0.0,1111,472049.0
2015-08-25,418.0,434.0,426.0,426.0,0.0,260,111160.0
2015-08-24,380.0,418.0,387.0,418.0,0.0,266,110368.0
2015-08-23,373.0,380.0,380.0,380.0,0.0,55,20900.0
2015-08-16,381.0,380.0,370.0,373.0,0.0,1577,589953.0
2015-08-13,387.0,390.0,376.0,381.0,0.0,4037,1540670.0
2015-08-12,390.0,387.0,378.0,387.0,0.0,912,347625.0
2015-08-11,397.0,394.0,384.0,390.0,0.0,1460,567188.0
2015-08-10,401.0,400.0,392.0,397.0,0.0,10372,4121910.0
2015-08-09,399.0,406.0,398.0,401.0,0.0,3849,1546460.0
2015-08-06,402.0,404.0,396.0,399.0,0.0,3347,1338410.0
2015-08-05,413.0,405.0,395.0,402.0,0.0,1665,666373.0
2015-08-04,392.0,413.0,386.0,413.0,0.0,9534,3843845.0
2015-08-03,390.0,392.0,384.0,392.0,0.0,9851,3832014.0
2015-08-02,375.0,395.0,382.0,390.0,0.0,4186,1628102.0
2015-07-30,381.0,385.0,370.0,375.0,0.0,4226,1586336.0
2015-07-29,391.0,397.0,381.0,381.0,0.0,274,105351.0
2015-07-28,398.0,391.0,391.0,391.0,0.0,261,102051.0
2015-07-27,403.0,411.0,381.0,398.0,0.0,2461,983839.0
2015-07-26,389.0,403.0,396.0,403.0,0.0,170,68160.0
2015-07-23,380.0,389.0,375.0,389.0,0.0,5146,1971728.0
2015-07-22,360.0,386.0,360.0,380.0,0.0,6712,2504728.0
2015-07-16,363.0,360.0,360.0,360.0,0.0,829,298440.0
2015-07-15,360.0,366.0,363.0,363.0,0.0,481,174831.0
2015-07-14,358.0,360.0,358.0,360.0,0.0,1945,697272.0
2015-07-13,354.0,358.0,350.0,358.0,0.0,405,143235.0
2015-07-12,348.0,354.0,350.0,354.0,0.0,758,267776.0
2015-07-09,351.0,355.0,348.0,348.0,0.0,2340,818665.0
2015-07-08,346.0,355.0,345.0,351.0,0.0,3431,1204433.0
2015-07-07,348.0,346.0,345.0,346.0,0.0,297,102530.0
2015-07-06,343.0,353.0,341.0,348.0,0.0,1040,364277.0
2015-07-05,348.0,350.0,343.0,343.0,0.0,406,141282.0
2015-07-02,338.0,350.0,338.0,348.0,0.0,1042,358805.0
2015-07-01,348.0,344.0,337.0,338.0,0.0,2550,866283.0
2015-06-30,351.0,355.0,344.0,348.0,0.0,878,305224.0
2015-06-29,341.0,351.0,338.0,351.0,0.0,3183,1088828.0
2015-06-28,346.0,352.0,340.0,341.0,0.0,1638,559918.0
2015-06-25,352.0,350.0,343.0,346.0,0.0,7636,2636669.0
2015-06-24,340.0,352.0,341.0,352.0,0.0,508,177342.0
2015-06-23,340.0,340.0,334.0,340.0,0.0,587,198987.0
2015-06-22,330.0,340.0,327.0,340.0,0.0,1334,445040.0
2015-06-21,336.0,330.0,330.0,330.0,0.0,300,99000.0
2015-06-18,346.0,341.0,334.0,336.0,0.0,4201,1412448.0
2015-06-17,350.0,346.0,346.0,346.0,0.0,25,8650.0
2015-06-16,353.0,350.0,347.0,350.0,0.0,217,75833.0
2015-06-15,352.0,353.0,350.0,353.0,0.0,896,315768.0
2015-06-14,348.0,352.0,343.0,352.0,0.0,1094,378887.0
2015-06-11,360.0,355.0,345.0,348.0,0.0,1096,380309.0
2015-06-10,370.0,363.0,355.0,360.0,0.0,457,162678.0
2015-06-09,360.0,377.0,367.0,370.0,0.0,1663,618008.0
2015-06-08,343.0,360.0,341.0,360.0,0.0,3042,1072631.0
2015-06-07,345.0,343.0,343.0,343.0,0.0,294,100842.0
2015-06-04,340.0,353.0,345.0,345.0,0.0,3048,1063979.0
2015-06-03,335.0,341.0,335.0,340.0,0.0,1942,653862.0
2015-06-02,336.0,335.0,331.0,335.0,0.0,368,122288.0
2015-06-01,331.0,337.0,326.0,336.0,0.0,2209,732404.0
2015-05-31,325.0,331.0,318.0,331.0,0.0,1119,361326.0
2015-05-28,361.0,354.0,325.0,325.0,0.0,589,194685.0
2015-04-23,354.0,361.0,346.0,361.0,0.0,4845,1704710.0
2015-04-22,360.0,359.0,352.0,354.0,0.0,1748,617620.0
2015-04-21,350.0,361.0,357.0,360.0,0.0,892,320037.0
2015-04-20,347.0,355.0,343.0,350.0,0.0,1607,558524.0
2015-04-19,350.0,347.0,343.0,347.0,0.0,613,211772.0
2015-04-16,348.0,350.0,346.0,350.0,0.0,493,171706.0
2015-04-15,348.0,348.0,345.0,348.0,0.0,447,155372.0
2015-04-13,351.0,355.0,348.0,348.0,0.0,2914,1016178.0
2015-04-12,352.0,357.0,350.0,351.0,0.0,689,242362.0
2015-04-09,353.0,353.0,347.0,352.0,0.0,586,205065.0
2015-04-08,360.0,366.0,353.0,353.0,0.0,232,83205.0
2015-04-07,360.0,360.0,360.0,360.0,0.0,76,27360.0
2015-04-06,356.0,363.0,356.0,360.0,0.0,182,65118.0
2015-04-05,350.0,356.0,344.0,356.0,0.0,200,69246.0
2015-04-02,349.0,350.0,343.0,350.0,0.0,898,308284.0
2015-03-31,340.0,349.0,346.0,349.0,0.0,257,89312.0
2015-03-30,343.0,343.0,340.0,340.0,0.0,1379,469814.0
2015-03-26,341.0,347.0,341.0,343.0,0.0,810,278463.0
2015-03-25,341.0,341.0,341.0,341.0,0.0,76,25916.0
2015-03-24,345.0,341.0,341.0,341.0,0.0,16,5456.0
2015-03-23,350.0,345.0,340.0,345.0,0.0,667,228886.0
2015-03-22,355.0,350.0,350.0,350.0,0.0,34,11900.0
2015-03-19,360.0,355.0,355.0,355.0,0.0,467,165785.0
2015-03-18,367.0,360.0,353.0,360.0,0.0,281,100012.0
2015-03-17,360.0,367.0,367.0,367.0,0.0,226,82942.0
2015-03-16,370.0,363.0,360.0,360.0,0.0,36,12990.0
2015-03-15,370.0,370.0,365.0,370.0,0.0,251,92235.0
2015-03-12,370.0,375.0,370.0,370.0,0.0,2362,881115.0
2015-03-11,376.0,370.0,365.0,370.0,0.0,588,216670.0
2015-03-10,376.0,380.0,376.0,376.0,0.0,49,18556.0
2015-03-09,373.0,383.0,373.0,376.0,0.0,851,320819.0
2015-03-04,366.0,373.0,370.0,373.0,0.0,1134,419820.0
2015-03-03,361.0,373.0,366.0,366.0,0.0,1577,581389.0
2015-03-02,365.0,366.0,351.0,361.0,0.0,838,296683.0
2015-03-01,359.0,365.0,360.0,365.0,0.0,519,189136.0
2015-02-26,363.0,365.0,359.0,359.0,0.0,394,142530.0
2015-02-25,363.0,363.0,356.0,363.0,0.0,1598,573389.0
2015-02-24,369.0,363.0,363.0,363.0,0.0,92,33396.0
2015-02-23,362.0,369.0,356.0,369.0,0.0,355,127889.0
2015-02-22,373.0,366.0,362.0,362.0,0.0,1012,367592.0
2015-02-18,380.0,373.0,373.0,373.0,0.0,235,87655.0
2015-02-16,382.0,385.0,378.0,380.0,0.0,672,255421.0
2015-02-15,380.0,386.0,379.0,382.0,0.0,1651,629448.0
2015-02-12,394.0,387.0,380.0,380.0,0.0,302,116160.0
2015-02-11,380.0,394.0,368.0,394.0,0.0,6320,2351130.0
2015-02-10,400.0,392.0,380.0,380.0,0.0,1125,432844.0
2015-02-09,390.0,400.0,390.0,400.0,0.0,609,239175.0
2015-02-08,388.0,390.0,390.0,390.0,0.0,185,72150.0
2015-02-03,395.0,388.0,388.0,388.0,0.0,80,31040.0
2015-02-02,395.0,395.0,395.0,395.0,0.0,1100,434500.0
2015-02-01,385.0,395.0,383.0,395.0,0.0,3335,1297171.0
2015-01-29,385.0,406.0,380.0,385.0,0.0,2399,933207.0
2015-01-28,374.0,385.0,375.0,385.0,0.0,1861,707537.0
2015-01-27,371.0,375.0,364.0,374.0,0.0,2792,1029930.0
2015-01-26,367.0,377.0,370.0,371.0,0.0,1207,452166.0
2015-01-25,358.0,378.0,360.0,367.0,0.0,1061,392786.0
2015-01-22,345.0,358.0,345.0,358.0,0.0,2002,701843.0
2015-01-20,340.0,352.0,340.0,345.0,0.0,2026,700548.0
2015-01-19,346.0,358.0,340.0,340.0,0.0,3609,1275427.0
2015-01-18,336.0,346.0,339.0,346.0,0.0,2271,779388.0
2015-01-14,330.0,336.0,336.0,336.0,0.0,12,4032.0
2015-01-13,327.0,330.0,330.0,330.0,0.0,241,79530.0
2015-01-12,315.0,327.0,321.0,327.0,0.0,502,163352.0
2015-01-11,327.0,321.0,315.0,315.0,0.0,113,36195.0
2015-01-08,324.0,330.0,326.0,327.0,0.0,695,227510.0
2015-01-07,335.0,329.0,324.0,324.0,0.0,765,248173.0
2015-01-06,341.0,335.0,335.0,335.0,0.0,168,56280.0
2015-01-05,340.0,341.0,340.0,341.0,0.0,700,238200.0
2015-01-04,340.0,345.0,340.0,340.0,0.0,1162,398390.0
2015-01-01,322.0,340.0,328.0,340.0,0.0,1109,373440.0
2014-12-28,313.0,322.0,316.0,322.0,0.0,112,35452.0
2014-12-24,307.0,313.0,307.0,313.0,0.0,424,131435.0
2014-12-23,311.0,313.0,307.0,307.0,0.0,2443,753279.0
2014-12-22,311.0,315.0,308.0,311.0,0.0,1641,509086.0
2014-12-21,321.0,315.0,311.0,311.0,0.0,551,173453.0
2014-12-18,325.0,325.0,321.0,321.0,0.0,423,136535.0
2014-12-17,330.0,325.0,322.0,325.0,0.0,3114,1011075.0
2014-12-16,328.0,330.0,322.0,330.0,0.0,1396,455316.0
2014-12-15,325.0,331.0,326.0,328.0,0.0,1126,371888.0
2014-12-14,324.0,325.0,321.0,325.0,0.0,400,129200.0
2014-12-11,306.0,324.0,312.0,324.0,0.0,667,215928.0
2014-12-10,290.0,306.0,290.0,306.0,0.0,1597,476782.0
2014-12-09,298.0,298.0,275.0,290.0,0.0,4712,1330224.0
2014-12-08,309.0,310.0,298.0,298.0,0.0,1778,540106.0
2014-12-07,328.0,333.0,309.0,309.0,0.0,2934,961099.0
2014-12-04,334.0,334.0,328.0,328.0,0.0,77,25604.0
2014-12-03,328.0,334.0,322.0,334.0,0.0,499,163037.0
2014-11-25,330.0,328.0,327.0,328.0,0.0,186,60915.0
2014-11-24,336.0,330.0,330.0,330.0,0.0,114,37620.0
2014-11-20,339.0,336.0,336.0,336.0,0.0,169,56784.0
2014-11-19,345.0,339.0,339.0,339.0,0.0,67,22713.0
2014-11-12,357.0,350.0,345.0,345.0,0.0,525,183625.0
2014-11-10,351.0,357.0,357.0,357.0,0.0,290,103530.0
2014-11-09,344.0,355.0,340.0,351.0,0.0,726,252673.0
2014-11-06,371.0,378.0,366.0,378.0,0.0,10799,4014970.0
2014-11-05,353.0,371.0,349.0,371.0,0.0,5554,1974408.0
2014-11-04,357.0,363.0,349.0,353.0,0.0,10323,3622105.0
2014-11-03,366.0,364.0,357.0,357.0,0.0,3208,1155457.0
2014-11-02,362.0,372.0,355.0,366.0,0.0,4442,1625990.0
2014-10-30,356.0,363.0,352.0,362.0,0.0,1658,591962.0
2014-10-28,355.0,363.0,348.0,356.0,0.0,1055,375375.0
2014-10-27,360.0,360.0,350.0,355.0,0.0,1542,548723.0
2014-10-26,365.0,360.0,359.0,360.0,0.0,896,322543.0
2014-10-22,368.0,365.0,358.0,365.0,0.0,295,106055.0
2014-10-21,368.0,368.0,356.0,368.0,0.0,4522,1647874.0
2014-10-20,365.0,368.0,360.0,368.0,0.0,1187,431826.0
2014-10-19,359.0,365.0,352.0,365.0,0.0,1003,363350.0
2014-10-16,355.0,359.0,349.0,359.0,0.0,3513,1233397.0
2014-10-15,342.0,360.0,343.0,355.0,0.0,870,308893.0
2014-10-14,360.0,360.0,342.0,342.0,0.0,592,208072.0
2014-10-13,360.0,361.0,360.0,360.0,0.0,882,317902.0
2014-10-12,366.0,366.0,360.0,360.0,0.0,130,47314.0
2014-10-09,363.0,372.0,362.0,366.0,0.0,6094,2239754.0
2014-10-08,369.0,378.0,363.0,363.0,0.0,1146,423019.0
2014-09-30,355.0,370.0,362.0,369.0,0.0,567,208911.0
2014-09-29,355.0,360.0,355.0,355.0,0.0,228,81350.0
2014-09-28,360.0,360.0,342.0,355.0,0.0,2476,860539.0
2014-09-24,365.0,365.0,355.0,360.0,0.0,1302,468850.0
2014-09-23,353.0,369.0,340.0,365.0,0.0,5562,1986302.0
2014-09-22,373.0,367.0,352.0,353.0,0.0,2016,719216.0
2014-09-21,390.0,383.0,373.0,373.0,0.0,1494,560203.0
2014-09-18,401.0,395.0,385.0,390.0,0.0,1716,667405.0
2014-09-17,400.0,408.0,395.0,401.0,0.0,1958,784808.0
2014-09-16,403.0,406.0,390.0,400.0,0.0,1291,516774.0
2014-09-15,415.0,410.0,401.0,403.0,0.0,3051,1229321.0
2014-09-14,420.0,415.0,412.0,415.0,0.0,144,59706.0
2014-09-10,425.0,420.0,420.0,420.0,0.0,104,43680.0
2014-09-04,430.0,425.0,425.0,425.0,0.0,70,29750.0
2014-09-03,455.0,450.0,430.0,430.0,0.0,728,317108.0
2014-08-24,452.0,455.0,455.0,455.0,0.0,100,45500.0
2014-08-21,460.0,452.0,451.0,452.0,0.0,463,209220.0
2014-08-20,468.0,469.0,460.0,460.0,0.0,295,135997.0
2014-08-19,450.0,468.0,450.0,468.0,0.0,1918,872048.0
2014-08-18,451.0,460.0,442.0,450.0,0.0,2046,925927.0
2014-08-14,452.0,451.0,443.0,451.0,0.0,7702,3427426.0
2014-08-13,469.0,460.0,452.0,452.0,0.0,379,173780.0
2014-08-12,478.0,469.0,469.0,469.0,0.0,12,5628.0
2014-08-07,485.0,480.0,478.0,478.0,0.0,311,148856.0
2014-08-06,476.0,494.0,467.0,485.0,0.0,1960,958713.0
2014-08-05,476.0,477.0,476.0,476.0,0.0,332,158048.0
2014-08-04,485.0,485.0,476.0,476.0,0.0,1531,738472.0
2014-08-03,493.0,500.0,478.0,485.0,0.0,15711,7744207.0
2014-07-31,505.0,506.0,492.0,493.0,0.0,14060,6975673.0
2014-07-30,494.0,520.0,500.0,505.0,0.0,3205,1621618.0
2014-07-28,472.0,504.0,475.0,494.0,0.0,4269,2088650.0
2014-07-27,465.0,479.0,465.0,472.0,0.0,1261,595063.0
2014-07-24,456.0,465.0,440.0,465.0,0.0,866,395033.0
2014-07-23,449.0,461.0,445.0,456.0,0.0,4404,1973567.0
2014-07-22,467.0,470.0,441.0,449.0,0.0,2760,1265287.0
2014-07-21,450.0,477.0,450.0,467.0,0.0,5565,2623706.0
2014-07-20,440.0,456.0,432.0,450.0,0.0,3861,1711220.0
2014-07-17,425.0,440.0,430.0,440.0,0.0,99,42948.0
2014-07-16,428.0,425.0,404.0,425.0,0.0,4742,1974774.0
2014-07-15,416.0,428.0,401.0,428.0,0.0,2498,1026769.0
2014-07-14,440.0,435.0,416.0,416.0,0.0,785,336333.0
2014-07-13,424.0,440.0,424.0,440.0,0.0,2226,969706.0
2014-07-10,421.0,424.0,397.0,424.0,0.0,5108,2072922.0
2014-07-09,428.0,428.0,421.0,421.0,0.0,250,105600.0
2014-07-08,390.0,428.0,397.0,428.0,0.0,874,361582.0
2014-07-07,395.0,390.0,388.0,390.0,0.0,1760,686300.0
2014-07-03,405.0,400.0,395.0,395.0,0.0,531,211495.0
2014-07-01,395.0,410.0,395.0,405.0,0.0,2810,1135229.0
2014-06-30,399.0,395.0,392.0,395.0,0.0,44,17290.0
2014-06-29,395.0,400.0,399.0,399.0,0.0,1072,427879.0
2014-06-26,395.0,395.0,388.0,395.0,0.0,517,202808.0
2014-06-25,392.0,395.0,395.0,395.0,0.0,16,6320.0
2014-06-24,400.0,399.0,380.0,392.0,0.0,854,334656.0
2014-06-23,385.0,400.0,385.0,400.0,0.0,3953,1549087.0
2014-06-19,392.0,388.0,385.0,385.0,0.0,1667,643645.0
2014-06-18,385.0,392.0,388.0,392.0,0.0,2545,995312.0
2014-06-17,399.0,392.0,385.0,385.0,0.0,30,11662.0
2014-06-15,392.0,399.0,398.0,399.0,0.0,236,94148.0
2014-06-12,375.0,392.0,380.0,392.0,0.0,1633,627335.0
2014-06-11,361.0,378.0,362.0,375.0,0.0,2094,777077.0
2014-06-10,376.0,382.0,361.0,361.0,0.0,2421,908661.0
2014-06-09,390.0,383.0,376.0,376.0,0.0,128,48485.0
2014-06-08,395.0,396.0,390.0,390.0,0.0,655,258516.0
2014-06-05,389.0,395.0,385.0,395.0,0.0,365,143215.0
2014-06-04,400.0,392.0,388.0,389.0,0.0,284,110540.0
2014-06-03,401.0,401.0,400.0,400.0,0.0,439,175936.0
2014-06-02,397.0,401.0,400.0,401.0,0.0,369,147684.0
2014-06-01,405.0,397.0,395.0,397.0,0.0,273,108091.0
2014-05-28,397.0,405.0,400.0,405.0,0.0,514,207312.0
2014-05-27,405.0,405.0,397.0,397.0,0.0,497,200053.0
2014-05-26,406.0,405.0,404.0,405.0,0.0,266,107590.0
2014-05-25,406.0,407.0,406.0,406.0,0.0,479,194614.0
2014-05-22,414.0,406.0,406.0,406.0,0.0,484,196504.0
2014-05-21,429.0,437.0,411.0,414.0,0.0,510,213491.0
2014-05-20,391.0,429.0,398.0,429.0,0.0,1442,602150.0
2014-05-08,535.0,545.0,530.0,536.0,0.0,7414,3975721.0
2014-05-07,542.0,550.0,530.0,535.0,0.0,12076,6477648.0
2014-05-06,535.0,559.0,539.0,542.0,0.0,4829,2642747.0
2014-05-05,517.0,562.0,527.0,535.0,0.0,5488,3033148.0
2014-05-04,470.0,517.0,479.0,517.0,0.0,6808,3514772.0
2014-04-30,472.0,470.0,458.0,470.0,0.0,1909,891176.0
2014-04-29,455.0,472.0,460.0,472.0,0.0,6102,2822099.0
2014-04-28,456.0,461.0,441.0,455.0,0.0,10346,4676691.0
2014-04-27,464.0,456.0,441.0,456.0,0.0,1453,653987.0
2014-04-23,460.0,464.0,449.0,464.0,0.0,2500,1136690.0
2014-04-22,450.0,460.0,442.0,460.0,0.0,856,391029.0
2014-04-21,449.0,457.0,445.0,450.0,0.0,1523,685878.0
2014-04-20,445.0,449.0,441.0,449.0,0.0,271,121295.0
2014-04-17,450.0,445.0,440.0,445.0,0.0,1096,486456.0
2014-04-16,450.0,454.0,441.0,450.0,0.0,418,187195.0
2014-04-15,450.0,451.0,447.0,450.0,0.0,1313,590412.0
2014-04-13,444.0,452.0,432.0,450.0,0.0,6902,3013623.0
2014-04-10,438.0,448.0,437.0,444.0,0.0,1949,863035.0
2014-04-09,432.0,438.0,423.0,438.0,0.0,1037,448469.0
2014-04-07,445.0,442.0,432.0,432.0,0.0,3122,1357581.0
2014-04-06,422.0,445.0,414.0,445.0,0.0,13755,5732254.0
2014-04-03,432.0,434.0,422.0,422.0,0.0,3259,1395298.0
2014-04-02,430.0,434.0,425.0,432.0,0.0,543,234419.0
2014-04-01,433.0,433.0,425.0,430.0,0.0,1379,591857.0
2014-03-31,417.0,433.0,409.0,433.0,0.0,2374,1008381.0
2014-03-27,400.0,417.0,405.0,417.0,0.0,1980,816615.0
2014-03-26,405.0,410.0,400.0,400.0,0.0,885,359145.0
2014-03-25,398.0,410.0,393.0,405.0,0.0,1181,477107.0
2014-03-24,391.0,398.0,384.0,398.0,0.0,1157,453920.0
2014-03-23,398.0,395.0,390.0,391.0,0.0,161,63059.0
2014-03-20,386.0,398.0,381.0,398.0,0.0,3108,1220128.0
2014-03-19,399.0,392.0,386.0,386.0,0.0,403,156182.0
2014-03-13,400.0,405.0,392.0,399.0,0.0,967,385127.0
2014-03-12,400.0,400.0,392.0,400.0,0.0,326,128436.0
2014-03-11,418.0,419.0,392.0,400.0,0.0,1876,758246.0
2014-03-10,421.0,418.0,418.0,418.0,0.0,224,93632.0
2014-03-09,405.0,421.0,413.0,421.0,0.0,487,202485.0
2014-03-06,423.0,415.0,400.0,405.0,0.0,1699,692965.0
2014-03-05,410.0,423.0,410.0,423.0,0.0,282,118056.0
2014-03-04,418.0,410.0,402.0,410.0,0.0,501,203625.0
2014-03-03,425.0,418.0,418.0,418.0,0.0,205,85690.0
2014-02-26,439.0,433.0,417.0,425.0,0.0,726,310254.0
2014-02-25,425.0,439.0,412.0,439.0,0.0,1124,477332.0
2014-02-24,410.0,433.0,418.0,425.0,0.0,2805,1200636.0
2014-02-23,410.0,418.0,404.0,410.0,0.0,1166,480096.0
2014-02-20,395.0,418.0,395.0,410.0,0.0,1506,616814.0
2014-02-18,387.0,405.0,387.0,395.0,0.0,1512,598235.0
2014-02-17,402.0,394.0,387.0,387.0,0.0,466,181406.0
2014-02-16,375.0,402.0,380.0,402.0,0.0,1114,437758.0
2014-02-13,362.0,382.0,369.0,375.0,0.0,472,177577.0
2014-02-12,372.0,365.0,362.0,362.0,0.0,238,86254.0
2014-02-11,365.0,372.0,358.0,372.0,0.0,412,151608.0
2014-02-10,377.0,370.0,365.0,365.0,0.0,130,47578.0
2014-02-09,391.0,390.0,377.0,377.0,0.0,278,106794.0
2014-02-06,394.0,394.0,391.0,391.0,0.0,168,65730.0
2014-02-04,363.0,399.0,370.0,399.0,0.0,4270,1689285.0
2014-02-03,330.0,363.0,335.0,363.0,0.0,940,333389.0
2014-02-02,336.0,330.0,310.0,330.0,0.0,447,143220.0
2014-01-29,335.0,336.0,331.0,336.0,0.0,513,171353.0
2014-01-28,338.0,341.0,334.0,335.0,0.0,684,230594.0
2014-01-27,355.0,350.0,337.0,338.0,0.0,1644,561980.0
2014-01-26,382.0,375.0,355.0,355.0,0.0,2169,798579.0
2014-01-23,388.0,396.0,382.0,382.0,0.0,938,363496.0
2014-01-22,397.0,397.0,388.0,388.0,0.0,889,350035.0
2014-01-21,380.0,397.0,378.0,397.0,0.0,1937,750036.0
2014-01-20,371.0,387.0,373.0,380.0,0.0,3983,1502258.0
2014-01-19,371.0,378.0,371.0,371.0,0.0,605,226760.0
2014-01-16,368.0,375.0,370.0,371.0,0.0,1235,460602.0
2014-01-14,367.0,368.0,340.0,368.0,0.0,1236,436866.0
2014-01-13,354.0,367.0,347.0,367.0,0.0,1193,429657.0
2014-01-12,331.0,354.0,325.0,354.0,0.0,6751,2316654.0
2014-01-09,316.0,334.0,316.0,331.0,0.0,1045,339740.0
2014-01-08,304.0,316.0,310.0,316.0,0.0,400,125200.0
2014-01-07,283.0,304.0,288.0,304.0,0.0,2291,675827.0
2014-01-06,278.0,288.0,280.0,283.0,0.0,487,138027.0
2014-01-05,277.0,282.0,277.0,278.0,0.0,1186,332881.0
2014-01-02,292.0,287.0,272.0,277.0,0.0,983,272058.0
2014-01-01,296.0,292.0,292.0,292.0,0.0,131,38252.0
2013-12-31,285.0,296.0,290.0,296.0,0.0,405,118782.0
2013-12-29,275.0,285.0,275.0,285.0,0.0,487,136053.0
2013-12-26,260.0,275.0,265.0,275.0,0.0,221,60365.0
2013-12-24,250.0,260.0,250.0,260.0,0.0,695,179745.0
2013-12-23,246.0,250.0,250.0,250.0,0.0,181,45250.0
2013-12-22,224.0,246.0,228.0,246.0,0.0,531,127966.0
2013-12-19,220.0,224.0,224.0,224.0,0.0,232,51968.0
2013-12-18,216.0,220.0,220.0,220.0,0.0,13,2860.0
2013-12-16,208.0,216.0,212.0,216.0,0.0,853,183500.0
2013-12-12,208.0,208.0,204.0,208.0,0.0,84,17360.0
2013-12-11,208.0,212.0,208.0,208.0,0.0,28,5880.0
2013-12-10,204.0,208.0,208.0,208.0,0.0,12,2496.0
2013-12-08,200.0,204.0,204.0,204.0,0.0,53,10812.0
2013-12-05,197.0,200.0,200.0,200.0,0.0,290,58000.0
2013-12-03,188.0,197.0,191.0,197.0,0.0,30,5820.0
2013-12-02,188.0,188.0,188.0,188.0,0.0,500,94000.0
2013-12-01,176.0,188.0,179.0,188.0,0.0,86,15988.0
2013-11-26,173.0,176.0,176.0,176.0,0.0,10,1760.0
2013-11-24,167.0,173.0,170.0,173.0,0.0,1084,186032.0
2013-11-14,170.0,167.0,167.0,167.0,0.0,56,9352.0
2013-11-11,167.0,170.0,170.0,170.0,0.0,58,9860.0
2013-10-29,167.0,167.0,167.0,167.0,0.0,28,4676.0
2013-10-10,198.0,204.0,198.0,200.0,0.0,1439,289970.0
2013-10-09,200.0,200.0,193.0,198.0,0.0,562,110904.0
2013-10-08,200.0,205.0,200.0,200.0,0.0,1366,275623.0
2013-10-07,195.0,202.0,184.0,200.0,0.0,1463,289495.0
2013-10-06,194.0,195.0,192.0,195.0,0.0,135,26199.0
2013-10-03,196.0,194.0,194.0,194.0,0.0,56,10864.0
2013-10-02,198.0,200.0,196.0,196.0,0.0,42,8288.0
2013-10-01,198.0,198.0,194.0,198.0,0.0,534,103848.0
2013-09-30,201.0,200.0,193.0,198.0,0.0,4997,982122.0
2013-09-29,196.0,201.0,196.0,201.0,0.0,484,96474.0
2013-09-26,196.0,198.0,196.0,196.0,0.0,377,74383.0
2013-09-25,199.0,197.0,194.0,196.0,0.0,828,162028.0
2013-09-24,196.0,199.0,194.0,199.0,0.0,726,143946.0
2013-09-23,198.0,196.0,191.0,196.0,0.0,617,119531.0
2013-09-22,190.0,201.0,195.0,198.0,0.0,2369,469501.0
2013-09-19,198.0,198.0,193.0,193.0,0.0,577,113010.0
2013-09-17,196.0,201.0,193.0,198.0,0.0,734,144721.0
2013-09-16,200.0,204.0,196.0,196.0,0.0,1212,241186.0
2013-09-15,201.0,205.0,196.0,200.0,0.0,2367,475242.0
2013-09-12,202.0,201.0,196.0,201.0,0.0,1044,206446.0
2013-09-11,195.0,202.0,190.0,202.0,0.0,5286,1048553.0
2013-09-10,195.0,197.0,190.0,195.0,0.0,10301,1998986.0
2013-09-09,216.0,212.0,195.0,195.0,0.0,6256,1221714.0
2013-09-03,239.0,235.0,216.0,216.0,0.0,300,67078.0
2013-09-01,245.0,241.0,239.0,239.0,0.0,666,159202.0
2013-08-27,244.0,245.0,245.0,245.0,0.0,130,31850.0
2013-08-26,248.0,244.0,244.0,244.0,0.0,38,9272.0
2013-08-25,258.0,253.0,248.0,248.0,0.0,7189,1782922.0
2013-08-20,272.0,267.0,258.0,258.0,0.0,40,10450.0
2013-08-19,292.0,287.0,272.0,272.0,0.0,60,16720.0
2013-08-18,297.0,292.0,292.0,292.0,0.0,60,17520.0
2026-02-17,407.0,407.0,400.0,403.5,-0.84,29362,11818180.3
2026-02-16,410.0,415.9,404.0,406.9,-0.27,36512,14857439.3
2026-02-24,400.0,402.0,398.1,401.9,0.5,14669,5862641.3
2026-02-23,397.1,403.0,397.0,399.9,0.93,30515,12163152.1
2026-02-22,403.0,403.0,396.1,396.2,-1.81,43153,17199039.7
2026-02-25,406.0,406.0,398.5,402.0,0.02,12331,4947414.4
2026-02-26,400.0,405.0,398.1,401.2,-0.2,21256,8513767.7
2026-03-01,400.0,405.0,399.0,402.9,0.42,16852,6791067.1
2026-03-03,405.0,415.0,404.0,409.6,1.66,32334,13231691.3
2026-03-09,417.7,434.5,417.7,434.0,5.96,775,332281.5
2026-03-10,440.0,440.0,415.0,429.0,-1.15,87480,37327153.4
2026-03-11,430.0,430.0,418.0,418.0,-2.56,32299,13683473.4
2026-03-12,415.0,426.0,415.0,425.7,1.84,52963,22398226.8
2026-03-16,444.2,444.2,424.0,425.1,-2.39,64385,27552033.9
2026-03-15,425.8,437.0,422.0,435.5,2.3,73198,31590957.4
2026-03-17,424.0,429.9,417.0,423.0,-0.49,31079,13190308.2
2026-03-19,422.0,438.5,421.4,433.0,2.36,120787,52408505.8
2026-03-23,439.0,444.0,433.0,439.9,-0.9,78099,34154852.8
2026-03-22,441.6,449.7,437.0,443.9,2.52,244161,107979147.2
2026-03-24,437.0,449.0,435.8,449.0,2.07,147648,65330750.3
2026-03-25,447.0,447.0,438.0,438.4,-2.36,96275,42365156.3
2026-03-26,429.7,440.0,429.7,440.0,0.36,69937,30513192.1
2026-03-30,427.0,430.0,415.5,418.0,-2.11,63223,26712873.0
2026-03-29,440.0,440.0,427.0,427.0,-2.95,75739,32557949.9
2026-03-31,410.0,426.5,410.0,421.1,0.74,59689,24834386.6
2026-04-01,415.1,420.0,406.9,408.1,-3.09,58700,24146806.7
2026-04-02,408.0,413.0,402.0,410.0,0.47,35385,14479801.7
2026-04-06,405.0,413.0,400.0,410.0,2.76,98048,39810903.6
2026-04-05,418.0,418.0,398.0,399.0,-2.68,68064,27273589.4
2026-04-07,412.0,414.6,403.3,407.0,-0.73,30182,12320227.2
2026-04-08,407.0,414.5,406.2,413.4,1.57,25778,10589283.3
2026-04-09,412.0,420.0,411.3,419.0,1.35,30967,12907639.5
2026-04-10,419.0,419.9,410.0,413.0,-1.43,43971,18275387.7
2026-04-13,408.0,415.0,408.0,413.0,0.0,13327,5502634.4
2026-04-15,409.0,422.5,409.0,420.0,1.69,17565,7373279.7
2026-04-16,420.0,420.0,412.0,415.7,-1.02,27305,11334695.4
2026-04-17,418.8,418.8,409.1,415.0,-0.17,21253,8771975.7
2026-04-21,410.0,419.0,407.0,407.0,-0.76,18954,7732937.3
2026-04-20,408.2,415.0,408.1,410.1,-1.18,11155,4582373.9
2026-04-23,411.0,411.0,403.0,407.1,-1.05,11225,4581071.3
2026-04-22,427.3,427.3,396.0,411.4,1.08,33139,13378911.1
2026-04-24,427.4,427.4,396.0,402.1,-1.23,21616,8697402.2
2026-04-27,402.1,407.0,402.0,404.0,0.47,17538,7075839.4
2026-04-28,404.0,409.0,401.2,401.8,-0.54,17817,7197792.6
2026-04-29,401.8,405.0,400.1,401.4,-0.1,18322,7355598.1
2026-04-30,400.0,407.0,400.0,405.0,0.9,25799,10384496.1
2026-05-04,400.1,409.5,400.0,402.5,-0.62,16012,6434883.5
2026-05-05,400.1,406.0,398.0,406.0,0.87,46354,18609675.8
2026-05-06,410.0,415.0,401.5,406.0,0.0,10556,4284941.2
2026-05-07,401.1,407.8,401.1,407.8,0.44,5545,2242911.0
2026-05-08,408.0,410.0,405.0,409.6,0.44,8322,3397761.5
2026-05-11,414.8,414.8,408.0,413.5,0.95,25804,10610269.4
2026-05-12,412.0,414.0,410.0,411.5,-0.48,23371,9601294.6
2026-05-13,411.5,411.5,407.0,410.5,-0.24,5370,2198380.2
2026-05-14,410.5,410.5,405.0,410.0,-0.12,26511,10804020.8
2026-05-15,430.5,430.5,401.1,408.3,-0.41,3353,1369660.6
2026-05-18,406.0,409.9,405.0,409.0,0.17,7134,2903656.5
2026-05-19,409.0,411.0,407.6,408.3,-0.17,8380,3430168.0
2026-05-20,408.3,413.0,408.3,411.7,0.83,10480,4307222.7
2026-05-21,411.0,414.8,411.0,412.9,0.29,7435,3066886.6
2026-05-22,412.0,413.0,406.1,412.0,-0.22,7373,3027783.0
2026-05-25,414.9,415.9,412.5,415.0,0.73,14265,5908994.0
2026-05-26,418.0,418.0,412.2,416.5,0.36,7355,3050946.8
2026-05-27,419.0,419.1,415.1,418.0,0.36,21104,8818123.1
2026-06-01,410.0,419.0,410.0,414.0,-0.96,14589,6061121.1
2026-06-02,415.0,417.8,412.0,417.7,0.89,18724,7777101.0
2026-06-03,432.0,432.0,414.0,419.0,0.31,13958,5830796.3
2026-06-04,415.1,417.1,415.0,416.0,-0.72,8415,3499151.7
2026-06-05,416.0,419.3,414.2,417.0,0.24,16756,6990059.3
2026-06-08,414.0,416.0,412.5,413.0,-0.96,15516,6421050.5
2026-06-09,412.0,413.0,409.0,412.0,-0.24,17268,7089567.4
2026-06-10,408.4,414.0,408.4,411.1,-0.22,7047,2899357.8
2026-06-11,411.0,414.5,408.4,410.0,-0.27,10821,4445626.2
2026-06-12,430.5,430.5,407.0,408.6,-0.34,7850,3215578.7
2026-06-15,408.6,411.0,407.4,408.0,-0.15,14801,6051978.6
2026-06-16,410.0,410.0,403.1,407.5,-0.12,20767,8435840.7
2026-06-17,410.0,410.0,400.0,405.0,-0.61,40361,16290338.2
2026-06-18,409.0,409.0,405.0,406.9,0.47,8070,3277363.9
2026-06-19,410.0,410.0,406.0,409.9,0.74,14959,6106073.6
2026-06-22,409.9,409.9,406.0,408.2,-0.41,16065,6532036.9
2026-06-23,408.0,408.0,404.0,404.9,-0.81,21540,8719969.1
2026-06-24,405.0,406.0,403.2,405.5,0.15,20104,8136008.2
2026-06-25,405.5,406.9,402.5,402.5,-0.74,17394,7022251.5
2026-06-26,406.0,406.0,402.4,404.0,0.37,13241,5343263.7
2026-06-29,402.6,403.0,399.0,400.0,-0.99,24992,10008923.4
2026-06-30,401.0,401.0,396.2,396.4,-0.9,17234,6849896.4
2026-07-01,398.1,406.0,398.0,403.0,1.66,11162,4483703.7
2026-07-02,415.6,415.6,398.0,403.0,0.0,8973,3609685.2
2026-07-03,404.9,406.5,402.0,402.0,-0.25,13565,5474852.6
2026-07-06,401.5,402.0,398.3,400.0,-0.5,12241,4895682.2
2026-07-07,400.1,408.0,398.1,407.8,1.95,12086,4862373.9
2026-07-08,410.0,410.0,399.1,403.0,-1.18,22401,8984213.2
2026-07-09,403.0,403.0,399.0,399.9,-0.77,26083,10465157.5
2026-07-10,402.0,405.0,398.0,398.0,-0.48,14060,5619964.2
2026-07-13,398.0,399.4,396.0,397.0,-0.25,15517,6160025.0
2026-07-14,397.0,398.9,395.3,396.9,-0.03,21030,8344958.1
2026-07-15,397.5,402.3,397.0,397.5,0.15,14499,5777047.2
2026-07-16,417.3,417.3,395.0,415.0,4.4,22436,9085960.9
2026-07-17,412.5,413.9,407.0,413.9,-0.27,18100,7448786.1
2026-07-20,414.0,425.0,412.0,419.0,1.23,33213,13891193.0
2026-07-21,416.0,423.0,412.0,415.9,-0.74,22547,9401450.4
2026-07-22,415.9,415.9,412.0,414.0,-0.46,22529,9321601.8
2026-07-23,414.0,417.0,410.0,417.0,0.72,11786,4871299.8
2026-07-24,420.0,421.7,417.0,417.5,0.12,23905,10017289.6
2026-07-27,420.9,420.9,414.0,415.0,-0.6,23408,9753117.8
2026-07-28,414.0,415.0,410.0,414.5,-0.12,24040,9921398.4
2026-07-29,414.5,414.9,411.6,412.4,-0.51,6351,2620721.9
2026-07-30,410.0,414.5,407.0,410.0,-0.58,13148,5384487.0
2026-07-31,410.0,413.0,406.0,413.0,0.73,10540,4331621.0
2026-08-03,407.4,415.0,407.4,411.9,-0.27,8517,3502623.0
2026-08-04,415.0,416.0,411.0,412.7,0.19,19847,8193015.4
2026-08-05,415.0,415.0,409.1,411.5,-0.29,22342,9193862.0
2026-08-06,410.2,413.0,408.1,408.2,-0.8,20045,8214474.2
2026-08-07,408.5,410.0,407.0,407.2,-0.24,7440,3039092.5
2026-08-10,408.0,410.0,406.0,407.0,-0.05,13248,5401600.2
2026-08-11,418.1,418.1,406.0,410.0,0.74,14469,5904835.3
2026-08-12,410.0,410.0,405.0,410.0,0.0,15638,6395765.8
2026-08-13,414.9,415.0,409.0,414.7,1.15,10351,4273101.2
2026-08-14,414.7,415.5,410.2,414.9,0.05,9260,3813778.1
2026-08-17,414.0,416.0,412.0,414.0,-0.22,19043,7895389.2
2026-08-18,414.0,415.0,410.1,411.5,-0.6,7035,2900148.2
2026-08-19,410.5,415.0,409.0,412.0,0.12,12667,5215433.3
2026-08-20,412.0,413.0,409.0,411.6,-0.1,2231,916250.5
2026-08-21,410.0,411.0,409.0,409.0,-0.63,7778,3182766.6
2026-08-25,406.2,409.0,405.0,409.0,0.25,13589,5513784.6
2026-08-24,408.0,409.9,405.4,408.0,-0.24,23017,9371193.7
2026-08-26,405.2,409.0,402.3,405.0,-0.98,10398,4229775.2
2026-08-27,405.0,410.0,402.5,408.0,0.74,7983,3254223.4
2026-08-31,404.0,408.5,404.0,407.0,-0.25,19306,7835712.2
2026-09-01,414.8,414.8,404.0,407.9,0.22,11320,4601320.7
2026-09-02,411.0,415.0,405.5,407.8,-0.02,21297,8683212.4
2026-09-03,405.5,410.0,401.0,408.9,0.27,20749,8441004.2
2026-09-07,410.0,423.0,410.0,419.9,2.69,37396,15657306.4
2026-09-09,417.1,422.6,413.0,416.5,-0.81,20258,8455809.3
2026-09-10,415.0,418.0,412.2,417.0,0.12,21335,8852342.3
2026-09-11,415.0,422.0,414.2,422.0,1.2,24159,10107661.9
2026-09-14,428.0,430.0,425.0,426.1,0.97,86326,36878009.7
2026-09-15,434.0,438.2,427.2,432.0,1.38,91448,39467110.7
2026-09-16,433.3,433.3,427.0,427.6,-1.02,44675,19178668.7
2026-09-17,433.0,433.0,428.5,430.0,0.56,39706,17080701.0
2026-09-18,431.0,434.0,428.0,430.0,0.0,89356,38458109.8
2026-09-22,433.0,433.0,430.0,431.9,0.44,67153,28968095.0
2026-09-23,433.0,433.0,428.7,429.1,-0.65,66094,28434668.4
2026-09-24,428.1,434.0,428.0,433.0,0.91,81482,35121073.2
2026-09-28,435.0,435.0,426.9,428.9,-0.95,214932,92452158.7
2026-09-29,407.5,407.5,398.0,398.0,-1.64,37530,14987758.0
2026-09-30,398.0,401.0,395.0,396.9,-0.28,29660,11742479.5
2026-10-01,394.4,399.1,391.0,396.6,-0.08,41622,16440344.5
2026-10-02,398.7,400.0,393.5,393.9,-0.68,32917,13035582.4
2026-10-06,397.0,401.8,396.0,401.6,0.9,28688,11457770.4
2026-10-05,393.0,398.0,392.0,398.0,1.04,58407,23019256.1
2026-10-07,403.0,404.0,398.0,400.0,-0.4,27372,11005963.9
2026-10-08,400.0,402.0,398.0,399.9,-0.03,19505,7801805.3
2026-10-09,400.0,404.9,399.0,400.0,0.03,23574,9455951.6
